0.003308 0.002122 0.000795 0.000423 0.000530 0.000363 0.000264 0.000302 0.000237 0.000191 0.000210 0.000176 0.000187 0.000161 0.000139 0.000147 0.000130 0.000115 0.000121 0.000108 0.000097 0.000102 0.000092 
0.002122 0.001466 0.001273 0.001061 0.000302 0.000397 0.000424 0.000211 0.000247 0.000264 0.000161 0.000180 0.000113 0.000130 0.000142 0.000098 0.000109 0.000117 0.000086 0.000093 0.000099 0.000076 0.000081 
0.000795 0.001273 0.000125 0.000910 0.000398 0.000000 0.000160 0.000116 0.000000 0.000071 0.000057 0.000000 0.000080 0.000034 0.000001 0.000052 0.000023 0.000001 0.000036 0.000016 0.000001 0.000027 0.000012 
0.000423 0.001061 0.000910 0.000919 0.002122 0.000635 0.000191 0.000529 0.000292 0.000149 0.000301 0.000196 0.000290 0.000210 0.000149 0.000210 0.000160 0.000120 0.000163 0.000129 0.000100 0.000132 0.000107 
0.000530 0.000302 0.000398 0.002122 0.000510 0.001157 0.001061 0.000162 0.000340 0.000424 0.000131 0.000213 0.000041 0.000109 0.000158 0.000052 0.000094 0.000126 0.000053 0.000082 0.000105 0.000051 0.000072 
0.000363 0.000397 0.000000 0.000635 0.001157 0.000124 0.000981 0.000455 0.000001 0.000201 0.000150 0.000001 0.000193 0.000079 0.000001 0.000117 0.000050 0.000001 0.000079 0.000034 0.000002 0.000057 0.000025 
0.000264 0.000424 0.000160 0.000191 0.001061 0.000981 0.000576 0.002121 0.000594 0.000121 0.000529 0.000265 0.000476 0.000301 0.000177 0.000306 0.000209 0.000134 0.000222 0.000159 0.000108 0.000172 0.000128 
0.000302 0.000211 0.000116 0.000529 0.000162 0.000455 0.002121 0.000271 0.001123 0.001062 0.000110 0.000318 0.000064 0.000094 0.000197 0.000004 0.000082 0.000146 0.000017 0.000073 0.000117 0.000026 0.000066 
0.000237 0.000247 0.000000 0.000292 0.000340 0.000001 0.000594 0.001123 0.000124 0.001008 0.000478 0.000001 0.000436 0.000166 0.000002 0.000219 0.000091 0.000002 0.000137 0.000059 0.000003 0.000095 0.000041 
0.000191 0.000264 0.000071 0.000149 0.000424 0.000201 0.000121 0.001062 0.001008 0.000438 0.002120 0.000575 0.001014 0.000528 0.000250 0.000488 0.000300 0.000165 0.000315 0.000208 0.000124 0.000229 0.000158 
0.000210 0.000161 0.000057 0.000301 0.000131 0.000150 0.000529 0.000110 0.000478 0.002120 0.000162 0.001107 0.000402 0.000083 0.000306 0.000099 0.000073 0.000188 0.000031 0.000066 0.000139 0.000004 0.000060 
0.000176 0.000180 0.000000 0.000196 0.000213 0.000001 0.000265 0.000318 0.000001 0.000575 0.001107 0.000123 0.002039 0.000490 0.000002 0.000456 0.000175 0.000003 0.000236 0.000098 0.000004 0.000150 0.000064 
0.000187 0.000113 0.000080 0.000290 0.000041 0.000193 0.000476 0.000064 0.000436 0.001014 0.000402 0.002039 0.000358 0.001174 0.001134 0.000139 0.000366 0.000490 0.000125 0.000242 0.000324 0.000113 0.000188 
0.000161 0.000130 0.000034 0.000210 0.000109 0.000079 0.000301 0.000094 0.000166 0.000528 0.000083 0.000490 0.001174 0.000100 0.001098 0.000429 0.000066 0.000299 0.000120 0.000060 0.000182 0.000049 0.000055 
0.000139 0.000142 0.000001 0.000149 0.000158 0.000001 0.000177 0.000197 0.000002 0.000250 0.000306 0.000002 0.001134 0.001098 0.000122 0.002056 0.000496 0.000004 0.000469 0.000180 0.000004 0.000247 0.000103 
0.000147 0.000098 0.000052 0.000210 0.000052 0.000117 0.000306 0.000004 0.000219 0.000488 0.000099 0.000456 0.000139 0.000429 0.002056 0.000265 0.001152 0.001121 0.000113 0.000348 0.000479 0.000103 0.000227 
0.000130 0.000109 0.000023 0.000160 0.000094 0.000050 0.000209 0.000082 0.000091 0.000300 0.000073 0.000175 0.000366 0.000066 0.000496 0.001152 0.000060 0.001092 0.000447 0.000056 0.000294 0.000135 0.000051 
0.000115 0.000117 0.000001 0.000120 0.000126 0.000001 0.000134 0.000146 0.000002 0.000165 0.000188 0.000003 0.000490 0.000299 0.000004 0.001121 0.001092 0.000120 0.002066 0.000501 0.000005 0.000478 0.000184 
0.000121 0.000086 0.000036 0.000163 0.000053 0.000079 0.000222 0.000017 0.000137 0.000315 0.000031 0.000236 0.000125 0.000120 0.000469 0.000113 0.000447 0.002066 0.000202 0.001137 0.001112 0.000095 0.000336 
0.000108 0.000093 0.000016 0.000129 0.000082 0.000034 0.000159 0.000073 0.000059 0.000208 0.000066 0.000098 0.000242 0.000060 0.000180 0.000348 0.000056 0.000501 0.001137 0.000033 0.001089 0.000460 0.000048 
0.000097 0.000099 0.000001 0.000100 0.000105 0.000002 0.000108 0.000117 0.000003 0.000124 0.000139 0.000004 0.000324 0.000182 0.000004 0.000479 0.000294 0.000005 0.001112 0.001089 0.000119 0.002074 0.000503 
0.000102 0.000076 0.000027 0.000132 0.000051 0.000057 0.000172 0.000026 0.000095 0.000229 0.000004 0.000150 0.000113 0.000049 0.000247 0.000103 0.000135 0.000478 0.000095 0.000460 0.002074 0.000155 0.001127 
0.000092 0.000081 0.000012 0.000107 0.000072 0.000025 0.000128 0.000066 0.000041 0.000158 0.000060 0.000064 0.000188 0.000055 0.000103 0.000227 0.000051 0.000184 0.000336 0.000048 0.000503 0.001127 0.000013 
