0.295122 0.170524 0.834631 0.172010 0.029940 0.009512 0.021509 0.024740 0.024888 0.023928 0.022606 0.021220 0.019885 0.018645 0.017511 0.016479 0.015543 0.014692 0.013917 0.013209 0.012561 0.011966 0.031911 
0.170524 0.004082 2.667181 0.532477 0.168742 0.067478 0.031183 0.015898 0.008686 0.004982 0.002952 0.001779 0.001074 0.000634 0.000354 0.000170 0.000049 0.000033 0.000088 0.000125 0.000149 0.000165 0.074877 
0.834631 2.667181 2.821473 2.322188 1.659788 1.287745 1.052360 0.890664 0.772793 0.682969 0.612142 0.554769 0.507278 0.467259 0.433034 0.403394 0.377447 0.354521 0.334099 0.315776 0.299230 0.284205 0.163959 
0.172010 0.532477 2.322188 1.018573 0.921813 0.689999 0.549025 0.455425 0.389135 0.339834 0.301747 0.271424 0.246686 0.226098 0.208675 0.193722 0.180734 0.169335 0.159241 0.150230 0.142131 0.134805 0.011706 
0.029940 0.168742 1.659788 0.921813 0.453044 0.436919 0.338842 0.275444 0.231610 0.199697 0.175499 0.156546 0.141302 0.128772 0.118283 0.109365 0.101683 0.094991 0.089102 0.083876 0.079202 0.074993 0.103345 
0.009512 0.067478 1.287745 0.689999 0.436919 0.231086 0.233284 0.186032 0.153984 0.131061 0.113959 0.100757 0.090278 0.081764 0.074711 0.068770 0.063696 0.059307 0.055471 0.052087 0.049077 0.046379 0.167246 
0.021509 0.031183 1.052360 0.549025 0.338842 0.233284 0.129872 0.135713 0.110679 0.093029 0.080039 0.070137 0.062367 0.056121 0.050997 0.046719 0.043094 0.039982 0.037279 0.034909 0.032812 0.030942 0.221210 
0.024740 0.015898 0.890664 0.455425 0.275444 0.186032 0.135713 0.078460 0.084239 0.069975 0.059594 0.051765 0.045684 0.040841 0.036902 0.033641 0.030897 0.028558 0.026540 0.024780 0.023231 0.021857 0.272470 
0.024888 0.008686 0.772793 0.389135 0.231610 0.153984 0.110679 0.084239 0.050129 0.055011 0.046403 0.039969 0.035014 0.031101 0.027943 0.025346 0.023178 0.021340 0.019764 0.018397 0.017201 0.016144 0.324759 
0.023928 0.004982 0.682969 0.339834 0.199697 0.131061 0.093029 0.069975 0.055011 0.033490 0.037421 0.031978 0.027817 0.024553 0.021938 0.019801 0.018028 0.016534 0.015259 0.014160 0.013202 0.012360 0.380594 
0.022606 0.002952 0.612142 0.301747 0.175499 0.113959 0.080039 0.059594 0.046403 0.037421 0.023203 0.026325 0.022747 0.019959 0.017737 0.015932 0.014442 0.013194 0.012135 0.011225 0.010436 0.009745 0.442199 
0.021220 0.001779 0.554769 0.271424 0.156546 0.100757 0.070137 0.051765 0.039969 0.031978 0.026325 0.016570 0.019046 0.016617 0.014691 0.013135 0.011857 0.010791 0.009890 0.009120 0.008455 0.007875 0.512003 
0.019885 0.001074 0.507278 0.246686 0.141302 0.090278 0.062367 0.045684 0.035014 0.027817 0.022747 0.019046 0.012139 0.014112 0.012416 0.011052 0.009935 0.009009 0.008229 0.007565 0.006993 0.006497 0.593064 
0.018645 0.000634 0.467259 0.226098 0.128772 0.081764 0.056121 0.040841 0.031101 0.024553 0.019959 0.016617 0.014112 0.009089 0.010673 0.009460 0.008471 0.007654 0.006968 0.006386 0.005888 0.005456 0.689579 
0.017511 0.000354 0.433034 0.208675 0.118283 0.074711 0.050997 0.036902 0.027943 0.021938 0.017737 0.014691 0.012416 0.010673 0.006935 0.008217 0.007331 0.006600 0.005990 0.005474 0.005033 0.004652 0.807702 
0.016479 0.000170 0.403394 0.193722 0.109365 0.068770 0.046719 0.033641 0.025346 0.019801 0.015932 0.013135 0.011052 0.009460 0.008217 0.005379 0.006425 0.005766 0.005217 0.004754 0.004359 0.004020 0.957003 
0.015543 0.000049 0.377447 0.180734 0.101683 0.063696 0.043094 0.030897 0.023178 0.018028 0.014442 0.011857 0.009935 0.008471 0.007331 0.006425 0.004234 0.005094 0.004595 0.004176 0.003820 0.003514 1.153350 
0.014692 0.000033 0.354521 0.169335 0.094991 0.059307 0.039982 0.028558 0.021340 0.016534 0.013194 0.010791 0.009009 0.007654 0.006600 0.005766 0.005094 0.003375 0.004088 0.003705 0.003381 0.003103 1.425243 
0.013917 0.000088 0.334099 0.159241 0.089102 0.055471 0.037279 0.026540 0.019764 0.015259 0.012135 0.009890 0.008229 0.006968 0.005990 0.005217 0.004595 0.004088 0.002721 0.003317 0.003019 0.002765 1.829631 
0.013209 0.000125 0.315776 0.150230 0.083876 0.052087 0.034909 0.024780 0.018397 0.014160 0.011225 0.009120 0.007565 0.006386 0.005474 0.004754 0.004176 0.003705 0.003317 0.002217 0.002718 0.002484 2.499357 
0.012561 0.000149 0.299230 0.142131 0.079202 0.049077 0.032812 0.023231 0.017201 0.013202 0.010436 0.008455 0.006993 0.005888 0.005033 0.004359 0.003820 0.003381 0.003019 0.002718 0.001823 0.002247 3.832991 
0.011966 0.000165 0.284205 0.134805 0.074993 0.046379 0.030942 0.021857 0.016144 0.012360 0.009745 0.007875 0.006497 0.005456 0.004652 0.004020 0.003514 0.003103 0.002765 0.002484 0.002247 0.001511 7.824542 
0.031911 0.074877 0.163959 0.011706 0.103345 0.167246 0.221210 0.272470 0.324759 0.380594 0.442199 0.512003 0.593064 0.689579 0.807702 0.957003 1.153350 1.425243 1.829631 2.499357 3.832991 7.824542 1.018293 
