0.296780 0.171985 0.833951 0.171822 0.029553 0.009656 0.021704 0.024930 0.025109 0.024096 0.022750 0.021328 0.019998 0.018758 0.017625 0.016577 0.015624 0.014777 0.013985 0.013293 0.012623 0.012035 0.031853 
0.171985 0.003248 2.667595 0.533366 0.168896 0.067937 0.031430 0.016074 0.008746 0.005091 0.003065 0.001925 0.001183 0.000722 0.000420 0.000248 0.000140 0.000038 0.000001 0.000075 0.000071 0.000109 0.074944 
0.833951 2.667595 2.821073 2.320560 1.659805 1.287187 1.052136 0.890533 0.772823 0.682914 0.612069 0.554642 0.507197 0.467205 0.433005 0.403345 0.377374 0.354474 0.334023 0.315753 0.299165 0.284168 0.163906 
0.171822 0.533366 2.320560 1.019435 0.923908 0.690122 0.549450 0.455839 0.389684 0.340191 0.302029 0.271591 0.246885 0.226307 0.208895 0.193897 0.180861 0.169482 0.159338 0.150387 0.142221 0.134923 0.011617 
0.029553 0.168896 1.659805 0.923908 0.452623 0.434670 0.338219 0.275129 0.231659 0.199579 0.175355 0.156308 0.141152 0.128671 0.118226 0.109276 0.101555 0.094907 0.088972 0.083835 0.079090 0.074928 0.103436 
0.009656 0.067937 1.287187 0.690122 0.434670 0.231803 0.234544 0.186900 0.155024 0.131652 0.114390 0.100981 0.090553 0.082055 0.075019 0.069006 0.063856 0.059500 0.055588 0.052296 0.049185 0.046530 0.167138 
0.021704 0.031430 1.052136 0.549450 0.338219 0.234544 0.130043 0.136151 0.111616 0.093361 0.080219 0.070094 0.062432 0.056235 0.051154 0.046805 0.043103 0.040043 0.037260 0.035011 0.032802 0.030991 0.221206 
0.024930 0.016074 0.890533 0.455839 0.275129 0.186900 0.136151 0.078466 0.085753 0.070253 0.059675 0.051569 0.045655 0.040887 0.037012 0.033669 0.030839 0.028569 0.026460 0.024846 0.023169 0.021867 0.272509 
0.025109 0.008746 0.772823 0.389684 0.231659 0.155024 0.111616 0.085753 0.049633 0.053920 0.045657 0.039087 0.034509 0.030777 0.027753 0.025096 0.022852 0.021123 0.019459 0.018282 0.016949 0.015989 0.324961 
0.024096 0.005091 0.682914 0.340191 0.199579 0.131652 0.093361 0.070253 0.053920 0.033321 0.037046 0.031203 0.027532 0.024454 0.021967 0.019721 0.017834 0.016453 0.015059 0.014172 0.013044 0.012306 0.380710 
0.022750 0.003065 0.612069 0.302029 0.175355 0.114390 0.080219 0.059675 0.045657 0.037046 0.023137 0.025108 0.022509 0.019965 0.017887 0.015922 0.014281 0.013164 0.011957 0.011294 0.010301 0.009728 0.442290 
0.021328 0.001925 0.554642 0.271591 0.156308 0.100981 0.070094 0.051569 0.039087 0.031203 0.025108 0.016803 0.019863 0.017304 0.015365 0.013478 0.011946 0.011002 0.009893 0.009394 0.008471 0.008013 0.511962 
0.019998 0.001183 0.507197 0.246885 0.141152 0.090553 0.062432 0.045655 0.034509 0.027532 0.022509 0.019863 0.012186 0.014664 0.013017 0.011220 0.009815 0.009080 0.008068 0.007749 0.006885 0.006544 0.593121 
0.018758 0.000722 0.467205 0.226307 0.128671 0.082055 0.056235 0.040887 0.030777 0.024454 0.019965 0.017304 0.014664 0.009020 0.011329 0.009419 0.008098 0.007588 0.006639 0.006501 0.005663 0.005426 0.689721 
0.017625 0.000420 0.433005 0.208895 0.118226 0.075019 0.051154 0.037012 0.027753 0.021967 0.017887 0.015365 0.013017 0.011329 0.006739 0.007436 0.006394 0.006267 0.005377 0.005465 0.004632 0.004505 0.807969 
0.016577 0.000248 0.403345 0.193897 0.109276 0.069006 0.046805 0.033669 0.025096 0.019721 0.015922 0.013478 0.011220 0.009419 0.007436 0.005327 0.005319 0.005672 0.004661 0.004962 0.004041 0.003993 0.957186 
0.015624 0.000140 0.377374 0.180861 0.101555 0.063856 0.043103 0.030839 0.022852 0.017834 0.014281 0.011946 0.009815 0.008098 0.006394 0.005319 0.004370 0.006064 0.004332 0.004867 0.003719 0.003732 1.153358 
0.014777 0.000038 0.354474 0.169482 0.094907 0.059500 0.040043 0.028569 0.021123 0.016453 0.013164 0.011002 0.009080 0.007588 0.006267 0.005672 0.006064 0.003354 0.002530 0.004249 0.002890 0.003115 1.425471 
0.013985 0.000001 0.334023 0.159338 0.088972 0.055588 0.037260 0.026460 0.019459 0.015059 0.011957 0.009893 0.008068 0.006639 0.005377 0.004661 0.004332 0.002530 0.002936 0.006060 0.003094 0.003344 1.829494 
0.013293 0.000075 0.315753 0.150387 0.083835 0.052296 0.035011 0.024846 0.018282 0.014172 0.011294 0.009394 0.007749 0.006501 0.005465 0.004962 0.004867 0.004249 0.006060 0.002037 0.000010 0.001916 2.500160 
0.012623 0.000071 0.299165 0.142221 0.079090 0.049185 0.032802 0.023169 0.016949 0.013044 0.010301 0.008471 0.006885 0.005663 0.004632 0.004041 0.003719 0.002890 0.003094 0.000010 0.002011 0.003904 3.832787 
0.012035 0.000109 0.284168 0.134923 0.074928 0.046530 0.030991 0.021867 0.015989 0.012306 0.009728 0.008013 0.006544 0.005426 0.004505 0.003993 0.003732 0.003115 0.003344 0.001916 0.003904 0.001485 7.825848 
0.031853 0.074944 0.163906 0.011617 0.103436 0.167138 0.221206 0.272509 0.324961 0.380710 0.442290 0.511962 0.593121 0.689721 0.807969 0.957186 1.153358 1.425471 1.829494 2.500160 3.832787 7.825848 1.018444 
