18.205788 3.131735 1.977646 1.467286 1.179170 0.993240 0.862123 0.763833 0.687242 0.104079 0.061459 0.161247 0.221241 0.256817 0.276796 0.286861 0.290333 0.289678 0.336790 
3.131735 2.532945 0.517881 0.344311 0.257016 0.206334 0.173251 0.149735 0.132499 0.876470 0.584155 0.395891 0.271060 0.185897 0.126716 0.084725 0.054678 0.032709 0.049233 
1.977646 0.517881 0.617234 0.141728 0.096632 0.073244 0.059056 0.049378 0.042910 1.259147 0.855395 0.598269 0.428680 0.313057 0.232396 0.174718 0.132922 0.101871 0.002100 
1.467286 0.344311 0.141728 0.189722 0.045805 0.032942 0.025435 0.020335 0.017421 1.657177 1.111752 0.772636 0.552782 0.404765 0.302433 0.229727 0.177249 0.138357 0.013022 
1.179170 0.257016 0.096632 0.045805 0.071768 0.018793 0.013806 0.010314 0.008830 2.167008 1.417985 0.968736 0.684861 0.497368 0.369612 0.279866 0.215652 0.168400 0.020317 
0.993240 0.206334 0.073244 0.032942 0.018793 0.029320 0.008397 0.005545 0.005001 2.901068 1.826063 1.215378 0.843482 0.604324 0.444576 0.334075 0.255956 0.199034 0.025733 
0.862123 0.173251 0.059056 0.025435 0.013806 0.008397 0.012372 0.002457 0.003125 4.095800 2.420638 1.549019 1.046746 0.735756 0.533612 0.396635 0.301314 0.232738 0.030750 
0.763833 0.149735 0.049378 0.020335 0.010314 0.005545 0.002457 0.007856 0.003876 6.450955 3.392924 2.037950 1.323599 0.905534 0.644042 0.471736 0.354306 0.271206 0.035821 
0.687242 0.132499 0.042910 0.017421 0.008830 0.005001 0.003125 0.003876 0.001391 13.469218 5.317199 2.842022 1.732411 1.139076 0.788500 0.566365 0.419175 0.317231 0.041943 
0.104079 0.876470 1.259147 1.657177 2.167008 2.901068 4.095800 6.450955 13.469218 20.732312 3.379724 2.990449 2.673457 2.413520 2.195864 2.012075 1.854196 1.718216 1.834322 
0.061459 0.584155 0.855395 1.111752 1.417985 1.826063 2.420638 3.392924 5.317199 3.379724 15.765612 2.590142 2.305849 2.074579 1.881322 1.718836 1.579499 1.460039 1.631272 
0.161247 0.395891 0.598269 0.772636 0.968736 1.215378 1.549019 2.037950 2.842022 2.990449 2.590142 12.209226 2.014332 1.807410 1.634044 1.488875 1.364434 1.258262 1.492333 
0.221241 0.271060 0.428680 0.552782 0.684861 0.843482 1.046746 1.323599 1.732411 2.673457 2.305849 2.014332 9.611298 1.595925 1.437819 1.306562 1.193985 1.098539 1.409220 
0.256817 0.185897 0.313057 0.404765 0.497368 0.604324 0.735756 0.905534 1.139076 2.413520 2.074579 1.807410 1.595925 7.669263 1.276551 1.157746 1.055096 0.968762 1.380322 
0.276796 0.126716 0.232396 0.302433 0.369612 0.444576 0.533612 0.644042 0.788500 2.195864 1.881322 1.634044 1.437819 1.276551 6.197652 1.036898 0.941581 0.862883 1.419200 
0.286861 0.084725 0.174718 0.229727 0.279866 0.334075 0.396635 0.471736 0.566365 2.012075 1.718836 1.488875 1.306562 1.157746 1.036898 5.061407 0.844726 0.773915 1.564932 
0.290333 0.054678 0.132922 0.177249 0.215652 0.255956 0.301314 0.354306 0.419175 1.854196 1.579499 1.364434 1.193985 1.055096 0.941581 0.844726 4.178507 0.702207 1.952546 
0.289678 0.032709 0.101871 0.138357 0.168400 0.199034 0.232738 0.271206 0.317231 1.718216 1.460039 1.258262 1.098539 0.968762 0.862883 0.773915 0.702207 3.476795 3.255446 
0.336790 0.049233 0.002100 0.013022 0.020317 0.025733 0.030750 0.035821 0.041943 1.834322 1.631272 1.492333 1.409220 1.380322 1.419200 1.564932 1.952546 3.255446 0.499135 
