1.820579e-03 3.131735e-04 1.977646e-04 1.467286e-04 1.179170e-04 9.932402e-05 8.621235e-05 7.638330e-05 6.872415e-05 1.040788e-05 6.145901e-06 1.612469e-05 2.212406e-05 2.568168e-05 2.767956e-05 2.868611e-05 2.903327e-05 2.896777e-05 3.367904e-05 
3.131735e-04 2.532945e-04 5.178811e-05 3.443113e-05 2.570159e-05 2.063338e-05 1.732510e-05 1.497345e-05 1.324987e-05 8.764700e-05 5.841547e-05 3.958906e-05 2.710604e-05 1.858965e-05 1.267158e-05 8.472514e-06 5.467770e-06 3.270938e-06 4.923251e-06 
1.977646e-04 5.178811e-05 6.172344e-05 1.417279e-05 9.663190e-06 7.324398e-06 5.905611e-06 4.937829e-06 4.290970e-06 1.259147e-04 8.553948e-05 5.982690e-05 4.286803e-05 3.130566e-05 2.323959e-05 1.747181e-05 1.329217e-05 1.018713e-05 2.100470e-07 
1.467286e-04 3.443113e-05 1.417279e-05 1.897216e-05 4.580484e-06 3.294210e-06 2.543500e-06 2.033514e-06 1.742112e-06 1.657177e-04 1.111752e-04 7.726356e-05 5.527816e-05 4.047651e-05 3.024332e-05 2.297268e-05 1.772486e-05 1.383573e-05 1.302237e-06 
1.179170e-04 2.570159e-05 9.663190e-06 4.580484e-06 7.176846e-06 1.879294e-06 1.380612e-06 1.031423e-06 8.829762e-07 2.167008e-04 1.417985e-04 9.687362e-05 6.848610e-05 4.973682e-05 3.696121e-05 2.798657e-05 2.156520e-05 1.683995e-05 2.031746e-06 
9.932402e-05 2.063338e-05 7.324398e-06 3.294210e-06 1.879294e-06 2.931957e-06 8.397392e-07 5.545006e-07 5.000768e-07 2.901068e-04 1.826063e-04 1.215378e-04 8.434815e-05 6.043244e-05 4.445762e-05 3.340754e-05 2.559559e-05 1.990339e-05 2.573337e-06 
8.621235e-05 1.732510e-05 5.905611e-06 2.543500e-06 1.380612e-06 8.397392e-07 1.237171e-06 2.456572e-07 3.124777e-07 4.095800e-04 2.420638e-04 1.549019e-04 1.046746e-04 7.357560e-05 5.336115e-05 3.966346e-05 3.013139e-05 2.327382e-05 3.074978e-06 
7.638330e-05 1.497345e-05 4.937829e-06 2.033514e-06 1.031423e-06 5.545006e-07 2.456572e-07 7.856389e-07 3.875851e-07 6.450955e-04 3.392924e-04 2.037950e-04 1.323599e-04 9.055338e-05 6.440424e-05 4.717363e-05 3.543062e-05 2.712058e-05 3.582115e-06 
6.872415e-05 1.324987e-05 4.290970e-06 1.742112e-06 8.829762e-07 5.000768e-07 3.124777e-07 3.875851e-07 1.390716e-07 1.346922e-03 5.317199e-04 2.842022e-04 1.732411e-04 1.139076e-04 7.884996e-05 5.663654e-05 4.191750e-05 3.172313e-05 4.194316e-06 
1.040788e-05 8.764700e-05 1.259147e-04 1.657177e-04 2.167008e-04 2.901068e-04 4.095800e-04 6.450955e-04 1.346922e-03 2.073231e-03 3.379724e-04 2.990449e-04 2.673457e-04 2.413520e-04 2.195864e-04 2.012075e-04 1.854196e-04 1.718216e-04 1.834322e-04 
6.145901e-06 5.841547e-05 8.553948e-05 1.111752e-04 1.417985e-04 1.826063e-04 2.420638e-04 3.392924e-04 5.317199e-04 3.379724e-04 1.576561e-03 2.590142e-04 2.305849e-04 2.074579e-04 1.881322e-04 1.718836e-04 1.579499e-04 1.460039e-04 1.631272e-04 
1.612469e-05 3.958906e-05 5.982690e-05 7.726356e-05 9.687362e-05 1.215378e-04 1.549019e-04 2.037950e-04 2.842022e-04 2.990449e-04 2.590142e-04 1.220923e-03 2.014332e-04 1.807410e-04 1.634044e-04 1.488875e-04 1.364434e-04 1.258262e-04 1.492333e-04 
2.212406e-05 2.710604e-05 4.286803e-05 5.527816e-05 6.848610e-05 8.434815e-05 1.046746e-04 1.323599e-04 1.732411e-04 2.673457e-04 2.305849e-04 2.014332e-04 9.611298e-04 1.595925e-04 1.437819e-04 1.306562e-04 1.193985e-04 1.098539e-04 1.409220e-04 
2.568168e-05 1.858965e-05 3.130566e-05 4.047651e-05 4.973682e-05 6.043244e-05 7.357560e-05 9.055338e-05 1.139076e-04 2.413520e-04 2.074579e-04 1.807410e-04 1.595925e-04 7.669263e-04 1.276551e-04 1.157746e-04 1.055096e-04 9.687616e-05 1.380322e-04 
2.767956e-05 1.267158e-05 2.323959e-05 3.024332e-05 3.696121e-05 4.445762e-05 5.336115e-05 6.440424e-05 7.884996e-05 2.195864e-04 1.881322e-04 1.634044e-04 1.437819e-04 1.276551e-04 6.197652e-04 1.036898e-04 9.415813e-05 8.628825e-05 1.419200e-04 
2.868611e-05 8.472514e-06 1.747181e-05 2.297268e-05 2.798657e-05 3.340754e-05 3.966346e-05 4.717363e-05 5.663654e-05 2.012075e-04 1.718836e-04 1.488875e-04 1.306562e-04 1.157746e-04 1.036898e-04 5.061407e-04 8.447262e-05 7.739155e-05 1.564932e-04 
2.903327e-05 5.467770e-06 1.329217e-05 1.772486e-05 2.156520e-05 2.559559e-05 3.013139e-05 3.543062e-05 4.191750e-05 1.854196e-04 1.579499e-04 1.364434e-04 1.193985e-04 1.055096e-04 9.415813e-05 8.447262e-05 4.178507e-04 7.022075e-05 1.952546e-04 
2.896777e-05 3.270938e-06 1.018713e-05 1.383573e-05 1.683995e-05 1.990339e-05 2.327382e-05 2.712058e-05 3.172313e-05 1.718216e-04 1.460039e-04 1.258262e-04 1.098539e-04 9.687616e-05 8.628825e-05 7.739155e-05 7.022075e-05 3.476795e-04 3.255446e-04 
3.367904e-05 4.923251e-06 2.100470e-07 1.302237e-06 2.031746e-06 2.573337e-06 3.074978e-06 3.582115e-06 4.194316e-06 1.834322e-04 1.631272e-04 1.492333e-04 1.409220e-04 1.380322e-04 1.419200e-04 1.564932e-04 1.952546e-04 3.255446e-04 4.991350e-05 
