nan nan nan nan nan nan nan nan nan nan nan nan nan nan nan nan nan nan 
nan nan nan nan nan nan nan nan nan nan nan nan nan nan nan nan nan nan 
nan nan 0.737389 0.155398 0.108113 0.082309 0.066484 0.055908 0.048384 0.042735 1.042703 0.734525 0.529730 0.389503 0.291039 0.220396 0.168760 0.131626 
nan nan 0.155398 0.244006 0.054985 0.039444 0.030454 0.024750 0.020884 0.018080 1.346261 0.941274 0.676881 0.498196 0.373925 0.285382 0.220971 0.174721 
nan nan 0.108113 0.054985 0.094493 0.022355 0.016459 0.012882 0.010572 0.008943 1.712031 1.176464 0.835799 0.609977 0.455227 0.346227 0.267647 0.211570 
nan nan 0.082309 0.039444 0.022355 0.041015 0.010071 0.007581 0.006051 0.004988 2.199800 1.472484 1.026791 0.739183 0.546024 0.412070 0.316680 0.249213 
nan nan 0.066484 0.030454 0.016459 0.010071 0.019430 0.004912 0.003835 0.003072 2.911040 1.873268 1.271770 0.898123 0.653991 0.488157 0.371945 0.290710 
nan nan 0.055908 0.024750 0.012882 0.007581 0.004912 0.009867 0.002691 0.002069 4.075496 2.461533 1.606141 1.103989 0.788362 0.579890 0.436855 0.338385 
nan nan 0.048384 0.020884 0.010572 0.006051 0.003835 0.002691 0.005059 0.001411 6.378866 3.427916 2.098988 1.386392 0.963440 0.694849 0.515743 0.394903 
nan nan 0.042735 0.018080 0.008943 0.004988 0.003072 0.002069 0.001411 0.002721 13.249416 5.342715 2.910395 1.803738 1.204342 0.845155 0.614989 0.463890 
nan nan 1.042703 1.346261 1.712031 2.199800 2.911040 4.075496 6.378866 13.249416 20.205541 3.034615 2.709401 2.441492 2.217681 2.028376 1.866477 1.722267 
nan nan 0.734525 0.941274 1.176464 1.472484 1.873268 2.461533 3.427916 5.342715 3.034615 15.737808 2.376205 2.134443 1.933055 1.763199 1.618338 1.488274 
nan nan 0.529730 0.676881 0.835799 1.026791 1.271770 1.606141 2.098988 2.910395 2.709401 2.376205 12.448267 1.887430 1.704548 1.550694 1.419809 1.300805 
nan nan 0.389503 0.498196 0.609977 0.739183 0.898123 1.103989 1.386392 1.803738 2.441492 2.134443 1.887430 9.980348 1.518152 1.377670 1.258433 1.147798 
nan nan 0.291039 0.373925 0.455227 0.546024 0.653991 0.788362 0.963440 1.204342 2.217681 1.933055 1.704548 1.518152 8.098089 1.234805 1.125409 1.020308 
nan nan 0.220396 0.285382 0.346227 0.412070 0.488157 0.579890 0.694849 0.845155 2.028376 1.763199 1.550694 1.377670 1.234805 6.641403 1.014382 0.910482 
nan nan 0.168760 0.220971 0.267647 0.316680 0.371945 0.436855 0.515743 0.614989 1.866477 1.618338 1.419809 1.258433 1.125409 1.014382 5.499285 0.804699 
nan nan 0.131626 0.174721 0.211570 0.249213 0.290710 0.338385 0.394903 0.463890 1.722267 1.488274 1.300805 1.147798 1.020308 0.910482 0.804699 4.630232 
