nan nan nan nan nan nan nan nan nan nan nan nan nan nan nan nan nan nan 
nan nan nan nan nan nan nan nan nan nan nan nan nan nan nan nan nan nan 
nan nan 7.385459e-05 1.553430e-05 1.077941e-05 8.279898e-06 6.632579e-06 5.584529e-06 4.837649e-06 4.278976e-06 1.042587e-04 7.343967e-05 5.296373e-05 3.894080e-05 2.909718e-05 2.203605e-05 1.687322e-05 1.315659e-05 
nan nan 1.553430e-05 2.453332e-05 5.435397e-06 4.028125e-06 3.024674e-06 2.468271e-06 2.088929e-06 1.816391e-06 1.346104e-04 9.411046e-05 6.767583e-05 4.980711e-05 3.738356e-05 2.853321e-05 2.209306e-05 1.746431e-05 
nan nan 1.077941e-05 5.435397e-06 9.752123e-06 2.486903e-06 1.649983e-06 1.304604e-06 1.078095e-06 9.217813e-07 1.711690e-04 1.176129e-04 8.355376e-05 6.097263e-05 4.550283e-05 3.460826e-05 2.675203e-05 2.114050e-05 
nan nan 8.279898e-06 4.028125e-06 2.486903e-06 3.806201e-06 7.359132e-07 6.383812e-07 5.340416e-07 4.575060e-07 2.200005e-04 1.472614e-04 1.026950e-04 7.393075e-05 5.461735e-05 4.122534e-05 3.168575e-05 2.493223e-05 
nan nan 6.632579e-06 3.024674e-06 1.649983e-06 7.359132e-07 2.225094e-06 5.367527e-07 4.255726e-07 3.554489e-07 2.910488e-04 1.872758e-04 1.271392e-04 8.977713e-05 6.537217e-05 4.879686e-05 3.717833e-05 2.904968e-05 
nan nan 5.584529e-06 2.468271e-06 1.304604e-06 6.383812e-07 5.367527e-07 1.179784e-06 3.077964e-07 2.572231e-07 4.074900e-04 2.460999e-04 1.605775e-04 1.103652e-04 7.881200e-05 5.797404e-05 4.367316e-05 3.381981e-05 
nan nan 4.837649e-06 2.088929e-06 1.078095e-06 5.340416e-07 4.255726e-07 3.077964e-07 6.298152e-07 2.042872e-07 6.378148e-04 3.427320e-04 2.098623e-04 1.386061e-04 9.632232e-05 6.947389e-05 5.156586e-05 3.947402e-05 
nan nan 4.278976e-06 1.816391e-06 9.217813e-07 4.575060e-07 3.554489e-07 2.572231e-07 2.042872e-07 2.925676e-07 1.324860e-03 5.342134e-04 2.910128e-04 1.803491e-04 1.204220e-04 8.451468e-05 6.149978e-05 4.637960e-05 
nan nan 1.042587e-04 1.346104e-04 1.711690e-04 2.200005e-04 2.910488e-04 4.074900e-04 6.378148e-04 1.324860e-03 2.020450e-03 3.034952e-04 2.709373e-04 2.441531e-04 2.217607e-04 2.028197e-04 1.866306e-04 1.722238e-04 
nan nan 7.343967e-05 9.411046e-05 1.176129e-04 1.472614e-04 1.872758e-04 2.460999e-04 3.427320e-04 5.342134e-04 3.034952e-04 1.573629e-03 2.375790e-04 2.134320e-04 1.932829e-04 1.762873e-04 1.618048e-04 1.488174e-04 
nan nan 5.296373e-05 6.767583e-05 8.355376e-05 1.026950e-04 1.271392e-04 1.605775e-04 2.098623e-04 2.910128e-04 2.709373e-04 2.375790e-04 1.244732e-03 1.887615e-04 1.704422e-04 1.550398e-04 1.419552e-04 1.300776e-04 
nan nan 3.894080e-05 4.980711e-05 6.097263e-05 7.393075e-05 8.977713e-05 1.103652e-04 1.386061e-04 1.803491e-04 2.441531e-04 2.134320e-04 1.887615e-04 9.979174e-04 1.517699e-04 1.377115e-04 1.258013e-04 1.147710e-04 
nan nan 2.909718e-05 3.738356e-05 4.550283e-05 5.461735e-05 6.537217e-05 7.881200e-05 9.632232e-05 1.204220e-04 2.217607e-04 1.932829e-04 1.704422e-04 1.517699e-04 8.097467e-04 1.234141e-04 1.125005e-04 1.020351e-04 
nan nan 2.203605e-05 2.853321e-05 3.460826e-05 4.122534e-05 4.879686e-05 5.797404e-05 6.947389e-05 8.451468e-05 2.028197e-04 1.762873e-04 1.550398e-04 1.377115e-04 1.234141e-04 6.641539e-04 1.014247e-04 9.109005e-05 
nan nan 1.687322e-05 2.209306e-05 2.675203e-05 3.168575e-05 3.717833e-05 4.367316e-05 5.156586e-05 6.149978e-05 1.866306e-04 1.618048e-04 1.419552e-04 1.258013e-04 1.125005e-04 1.014247e-04 5.499564e-04 8.056950e-05 
nan nan 1.315659e-05 1.746431e-05 2.114050e-05 2.493223e-05 2.904968e-05 3.381981e-05 3.947402e-05 4.637960e-05 1.722238e-04 1.488174e-04 1.300776e-04 1.147710e-04 1.020351e-04 9.109005e-05 8.056950e-05 4.629488e-04 
