0.952867 4.278462 4.166641 3.414469 0.020913 2.863222 3.152652 0.629850 1.839644 2.700453 0.791755 1.342763 2.253651 0.731205 1.099030 1.912085 0.614264 0.972106 1.650682 0.486590 0.902987 1.445001 
4.278462 1.251862 1.660638 2.015246 1.695321 2.574130 1.494979 0.691789 0.556969 1.392572 1.799363 1.538786 0.798383 0.179548 1.010508 1.419225 1.277798 0.669738 0.142702 0.847520 1.174365 1.027929 
4.166641 1.660638 1.438095 1.416163 3.128425 1.811080 2.639332 2.247825 1.990822 1.187075 0.394940 0.535688 1.249619 1.728540 1.822525 1.561788 0.982481 0.241223 0.517470 1.117875 1.442548 1.431964 
3.414469 2.015246 1.416163 0.663137 2.193032 1.765598 0.628504 1.366642 1.170537 1.323240 1.187977 1.069376 0.792458 0.510715 0.135157 0.202374 0.526355 0.765151 0.920390 0.955225 0.892683 0.716585 
0.020913 1.695321 3.128425 2.193032 2.103862 2.382077 0.586860 1.953893 0.108870 1.812814 0.488459 1.747820 0.586567 1.529905 0.415825 1.081079 0.030381 0.518094 0.454477 0.041057 0.894125 0.466828 
2.863222 2.574130 1.811080 1.765598 2.382077 0.478462 1.661008 0.387139 1.771747 0.773678 1.917198 1.136612 1.952636 1.274923 1.787885 1.071122 1.383698 0.628373 0.777061 0.020445 0.066544 0.635399 
3.152652 1.494979 2.639332 0.628504 0.586860 1.661008 0.579068 1.046504 0.063938 0.704070 0.105866 0.698020 0.224286 0.767263 0.329057 0.753329 0.401964 0.741710 0.413856 0.682693 0.331067 0.528683 
0.629850 0.691789 2.247825 1.366642 1.953893 0.387139 1.046504 0.362503 1.111746 0.485242 1.210004 0.793848 1.337526 1.115003 1.470926 1.241433 1.541627 1.291773 1.483078 1.195745 1.237179 0.891966 
1.839644 0.556969 1.990822 1.170537 0.108870 1.771747 0.063938 1.111746 0.170468 0.632313 0.359516 0.669576 0.453323 0.839064 0.588278 0.880858 0.735919 0.974488 0.839895 1.029604 0.824186 0.942824 
2.700453 1.392572 1.187075 1.323240 1.812814 0.773678 0.704070 0.485242 0.632313 0.030973 0.480261 0.054864 0.363290 0.214096 0.347659 0.205477 0.404721 0.295768 0.473312 0.391264 0.463765 0.369210 
0.791755 1.799363 0.394940 1.187977 0.488459 1.917198 0.105866 1.210004 0.359516 0.480261 0.325101 0.455946 0.336531 0.632512 0.410088 0.621709 0.558334 0.746839 0.707107 0.880409 0.741395 0.859417 
1.342763 1.538786 0.535688 1.069376 1.747820 1.136612 0.698020 0.793848 0.669576 0.054864 0.455946 0.008695 0.245316 0.170611 0.170881 0.072060 0.207213 0.140141 0.269600 0.235222 0.223798 0.167228 
2.253651 0.798383 1.249619 0.792458 0.586567 1.952636 0.224286 1.337526 0.453323 0.363290 0.336531 0.245316 0.144800 0.397178 0.125452 0.262600 0.210555 0.340726 0.320754 0.458324 0.293301 0.380018 
0.731205 0.179548 1.728540 0.510715 1.529905 1.274923 0.767263 1.115003 0.839064 0.214096 0.632512 0.170611 0.397178 0.401702 0.342591 0.307882 0.447831 0.446117 0.591467 0.627224 0.572998 0.566343 
1.099030 1.010508 1.822525 0.135157 0.415825 1.787885 0.329057 1.470926 0.588278 0.347659 0.410088 0.170881 0.125452 0.342591 0.003532 0.102101 0.057691 0.153317 0.143819 0.259111 0.035401 0.086829 
1.912085 1.419225 1.561788 0.202374 1.081079 1.071122 0.753329 1.241433 0.880858 0.205477 0.621709 0.072060 0.262600 0.307882 0.102101 0.047852 0.147274 0.134399 0.240109 0.272829 0.108634 0.081119 
0.614264 1.277798 0.982481 0.526355 0.030381 1.383698 0.401964 1.541627 0.735919 0.404721 0.558334 0.207213 0.210555 0.447831 0.057691 0.147274 0.124598 0.230329 0.255468 0.387725 0.117418 0.167724 
0.972106 0.669738 0.241223 0.765151 0.518094 0.628373 0.741710 1.291773 0.974488 0.295768 0.746839 0.140141 0.340726 0.446117 0.153317 0.134399 0.230329 0.244283 0.371420 0.447270 0.215731 0.208582 
1.650682 0.142702 0.517470 0.920390 0.454477 0.777061 0.413856 1.483078 0.839895 0.473312 0.707107 0.269600 0.320754 0.591467 0.143819 0.240109 0.255468 0.371420 0.432685 0.601190 0.280677 0.342808 
0.486590 0.847520 1.117875 0.955225 0.041057 0.020445 0.682693 1.195745 1.029604 0.391264 0.880409 0.235222 0.458324 0.627224 0.259111 0.272829 0.387725 0.447270 0.601190 0.727723 0.439685 0.461908 
0.902987 1.174365 1.442548 0.892683 0.894125 0.066544 0.331067 1.237179 0.824186 0.463765 0.741395 0.223798 0.293301 0.572998 0.035401 0.108634 0.117418 0.215731 0.280677 0.439685 0.005749 0.041042 
1.445001 1.027929 1.431964 0.716585 0.466828 0.635399 0.528683 0.891966 0.942824 0.369210 0.859417 0.167228 0.380018 0.566343 0.086829 0.081119 0.167724 0.208582 0.342808 0.461908 0.041042 0.020474 
