0.957208 4.276424 4.167663 3.413829 0.021452 2.863743 3.152327 0.630241 1.839991 2.700175 0.791999 1.342978 2.253413 0.731401 1.099215 1.911913 0.614450 0.972277 1.650518 0.486745 0.903126 1.444877 
4.276424 1.251384 1.660994 2.014857 1.695537 2.574086 1.495220 0.691758 0.556939 1.392654 1.799273 1.538884 0.798359 0.179484 1.010566 1.419172 1.277810 0.669718 0.142691 0.847534 1.174339 1.027966 
4.167663 1.660994 1.438167 1.416626 3.128285 1.810972 2.639101 2.247754 1.990880 1.187104 0.394892 0.535622 1.249586 1.728511 1.822550 1.561768 0.982448 0.241242 0.517497 1.117854 1.442551 1.431978 
3.413829 2.014857 1.416626 0.663747 2.193286 1.766093 0.628645 1.366915 1.170315 1.323321 1.187935 1.069382 0.792329 0.510756 0.135117 0.202333 0.526459 0.765069 0.920481 0.955147 0.892736 0.716557 
0.021452 1.695537 3.128285 2.193286 2.103488 2.381278 0.587258 1.953596 0.109095 1.812777 0.488452 1.747868 0.586683 1.529896 0.415835 1.081065 0.030477 0.518023 0.454394 0.041125 0.894086 0.466838 
2.863743 2.574086 1.810972 1.766093 2.381278 0.478719 1.662801 0.387139 1.771756 0.773465 1.917426 1.136364 1.952652 1.274787 1.788005 1.071018 1.383693 0.628356 0.777058 0.020437 0.066582 0.635468 
3.152327 1.495220 2.639101 0.628645 0.587258 1.662801 0.578112 1.044472 0.062887 0.703638 0.106130 0.697871 0.224670 0.767078 0.329225 0.753169 0.402232 0.741491 0.414083 0.682495 0.331218 0.528580 
0.630241 0.691758 2.247754 1.366915 1.953596 0.387139 1.044472 0.362249 1.111779 0.484749 1.210445 0.793414 1.337552 1.114789 1.471108 1.241279 1.541619 1.291748 1.483072 1.195734 1.237231 0.891872 
1.839991 0.556939 1.990880 1.170315 0.109095 1.771756 0.062887 1.111779 0.170232 0.633320 0.358833 0.670178 0.453299 0.839329 0.588058 0.881040 0.735935 0.974513 0.839905 1.029613 0.824129 0.942930 
2.700175 1.392654 1.187104 1.323321 1.812777 0.773465 0.703638 0.484749 0.633320 0.030728 0.480596 0.054484 0.362932 0.214049 0.347691 0.205464 0.404517 0.295903 0.473151 0.391389 0.463707 0.369204 
0.791999 1.799273 0.394892 1.187935 0.488452 1.917426 0.106130 1.210445 0.358833 0.480596 0.325491 0.456379 0.337280 0.632449 0.410145 0.621644 0.558653 0.746617 0.707352 0.880214 0.741506 0.859384 
1.342978 1.538884 0.535622 1.069382 1.747868 1.136364 0.697871 0.793414 0.670178 0.054484 0.456379 0.008136 0.243289 0.170950 0.170637 0.072271 0.206708 0.140501 0.269230 0.235520 0.223606 0.167322 
2.253413 0.798359 1.249586 0.792329 0.586683 1.952652 0.224670 1.337552 0.453299 0.362932 0.337280 0.243289 0.144612 0.398642 0.124718 0.263070 0.210627 0.340754 0.320799 0.458321 0.293213 0.380191 
0.731401 0.179484 1.728511 0.510756 1.529896 1.274787 0.767078 1.114789 0.839329 0.214049 0.632449 0.170950 0.398642 0.402014 0.342553 0.307952 0.447186 0.446499 0.591071 0.627516 0.572851 0.566363 
1.099215 1.010566 1.822550 0.135117 0.415835 1.788005 0.329225 1.471108 0.588058 0.347691 0.410145 0.170637 0.124718 0.342553 0.003235 0.101997 0.058669 0.152805 0.144321 0.258757 0.035571 0.086812 
1.911913 1.419172 1.561768 0.202333 1.081065 1.071018 0.753169 1.241279 0.881040 0.205464 0.621644 0.072271 0.263070 0.307952 0.101997 0.048116 0.145369 0.135135 0.239458 0.273257 0.108447 0.081120 
0.614450 1.277810 0.982448 0.526459 0.030477 1.383693 0.402232 1.541619 0.735935 0.404517 0.558653 0.206708 0.210627 0.447186 0.058669 0.145369 0.124327 0.230820 0.255450 0.387833 0.117128 0.168154 
0.972277 0.669718 0.241242 0.765069 0.518023 0.628356 0.741491 1.291748 0.974513 0.295903 0.746617 0.140501 0.340754 0.446499 0.152805 0.135135 0.230820 0.244144 0.370942 0.447366 0.215950 0.208166 
1.650518 0.142691 0.517497 0.920481 0.454394 0.777058 0.414083 1.483072 0.839905 0.473151 0.707352 0.269230 0.320799 0.591071 0.144321 0.239458 0.255450 0.370942 0.432428 0.601493 0.280086 0.343550 
0.486745 0.847534 1.117854 0.955147 0.041125 0.020437 0.682495 1.195734 1.029613 0.391389 0.880214 0.235520 0.458321 0.627516 0.258757 0.273257 0.387833 0.447366 0.601493 0.727541 0.440578 0.460931 
0.903126 1.174339 1.442551 0.892736 0.894086 0.066582 0.331218 1.237231 0.824129 0.463707 0.741506 0.223606 0.293213 0.572851 0.035571 0.108447 0.117128 0.215950 0.280086 0.440578 0.005768 0.042109 
1.444877 1.027966 1.431978 0.716557 0.466838 0.635468 0.528580 0.891872 0.942930 0.369204 0.859384 0.167322 0.380191 0.566363 0.086812 0.081120 0.168154 0.208166 0.343550 0.460931 0.042109 0.020722 
