9.572076e-05 4.276424e-04 4.167663e-04 3.413829e-04 2.145151e-06 2.863743e-04 3.152327e-04 6.302405e-05 1.839991e-04 2.700175e-04 7.919990e-05 1.342978e-04 2.253413e-04 7.314012e-05 1.099215e-04 1.911913e-04 6.144499e-05 9.722767e-05 1.650518e-04 4.867446e-05 9.031263e-05 1.444877e-04 
4.276424e-04 1.251384e-04 1.660994e-04 2.014857e-04 1.695537e-04 2.574086e-04 1.495220e-04 6.917575e-05 5.569390e-05 1.392654e-04 1.799273e-04 1.538884e-04 7.983593e-05 1.794844e-05 1.010566e-04 1.419172e-04 1.277810e-04 6.697184e-05 1.426909e-05 8.475345e-05 1.174339e-04 1.027966e-04 
4.167663e-04 1.660994e-04 1.438167e-04 1.416626e-04 3.128285e-04 1.810972e-04 2.639101e-04 2.247754e-04 1.990880e-04 1.187104e-04 3.948922e-05 5.356217e-05 1.249586e-04 1.728511e-04 1.822550e-04 1.561768e-04 9.824483e-05 2.412418e-05 5.174975e-05 1.117854e-04 1.442551e-04 1.431978e-04 
3.413829e-04 2.014857e-04 1.416626e-04 6.637466e-05 2.193286e-04 1.766093e-04 6.286454e-05 1.366915e-04 1.170315e-04 1.323321e-04 1.187935e-04 1.069382e-04 7.923292e-05 5.107559e-05 1.351169e-05 2.023329e-05 5.264592e-05 7.650688e-05 9.204806e-05 9.551469e-05 8.927362e-05 7.165566e-05 
2.145151e-06 1.695537e-04 3.128285e-04 2.193286e-04 2.103488e-04 2.381278e-04 5.872578e-05 1.953596e-04 1.090951e-05 1.812777e-04 4.884516e-05 1.747868e-04 5.866835e-05 1.529896e-04 4.158351e-05 1.081065e-04 3.047712e-06 5.180231e-05 4.543945e-05 4.112544e-06 8.940862e-05 4.668378e-05 
2.863743e-04 2.574086e-04 1.810972e-04 1.766093e-04 2.381278e-04 4.787188e-05 1.662801e-04 3.871388e-05 1.771756e-04 7.734650e-05 1.917426e-04 1.136364e-04 1.952652e-04 1.274787e-04 1.788005e-04 1.071018e-04 1.383693e-04 6.283557e-05 7.770577e-05 2.043731e-06 6.658205e-06 6.354677e-05 
3.152327e-04 1.495220e-04 2.639101e-04 6.286454e-05 5.872578e-05 1.662801e-04 5.781115e-05 1.044472e-04 6.288721e-06 7.036381e-05 1.061303e-05 6.978709e-05 2.246696e-05 7.670783e-05 3.292254e-05 7.531688e-05 4.022322e-05 7.414906e-05 4.140835e-05 6.824947e-05 3.312177e-05 5.285798e-05 
6.302405e-05 6.917575e-05 2.247754e-04 1.366915e-04 1.953596e-04 3.871388e-05 1.044472e-04 3.622488e-05 1.111779e-04 4.847486e-05 1.210445e-04 7.934136e-05 1.337552e-04 1.114789e-04 1.471108e-04 1.241279e-04 1.541619e-04 1.291748e-04 1.483072e-04 1.195734e-04 1.237231e-04 8.918722e-05 
1.839991e-04 5.569390e-05 1.990880e-04 1.170315e-04 1.090951e-05 1.771756e-04 6.288721e-06 1.111779e-04 1.702322e-05 6.333204e-05 3.588326e-05 6.701782e-05 4.532985e-05 8.393288e-05 5.880579e-05 8.810398e-05 7.359350e-05 9.745128e-05 8.399053e-05 1.029613e-04 8.241287e-05 9.429298e-05 
2.700175e-04 1.392654e-04 1.187104e-04 1.323321e-04 1.812777e-04 7.734650e-05 7.036381e-05 4.847486e-05 6.333204e-05 3.072762e-06 4.805962e-05 5.448350e-06 3.629319e-05 2.140492e-05 3.476910e-05 2.054637e-05 4.045170e-05 2.959029e-05 4.731512e-05 3.913886e-05 4.637072e-05 3.692036e-05 
7.919990e-05 1.799273e-04 3.948922e-05 1.187935e-04 4.884516e-05 1.917426e-04 1.061303e-05 1.210445e-04 3.588326e-05 4.805962e-05 3.254906e-05 4.563789e-05 3.372803e-05 6.324488e-05 4.101451e-05 6.216440e-05 5.586530e-05 7.466165e-05 7.073519e-05 8.802137e-05 7.415064e-05 8.593842e-05 
1.342978e-04 1.538884e-04 5.356217e-05 1.069382e-04 1.747868e-04 1.136364e-04 6.978709e-05 7.934136e-05 6.701782e-05 5.448350e-06 4.563789e-05 8.135739e-07 2.432888e-05 1.709503e-05 1.706368e-05 7.227121e-06 2.067081e-05 1.405009e-05 2.692302e-05 2.355198e-05 2.236063e-05 1.673224e-05 
2.253413e-04 7.983593e-05 1.249586e-04 7.923292e-05 5.866835e-05 1.952652e-04 2.246696e-05 1.337552e-04 4.532985e-05 3.629319e-05 3.372803e-05 2.432888e-05 1.446117e-05 3.986422e-05 1.247176e-05 2.630696e-05 2.106266e-05 3.407542e-05 3.207987e-05 4.583215e-05 2.932125e-05 3.801913e-05 
7.314012e-05 1.794844e-05 1.728511e-04 5.107559e-05 1.529896e-04 1.274787e-04 7.670783e-05 1.114789e-04 8.393288e-05 2.140492e-05 6.324488e-05 1.709503e-05 3.986422e-05 4.020139e-05 3.425531e-05 3.079516e-05 4.471863e-05 4.464993e-05 5.910710e-05 6.275163e-05 5.728511e-05 5.663630e-05 
1.099215e-04 1.010566e-04 1.822550e-04 1.351169e-05 4.158351e-05 1.788005e-04 3.292254e-05 1.471108e-04 5.880579e-05 3.476910e-05 4.101451e-05 1.706368e-05 1.247176e-05 3.425531e-05 3.234809e-07 1.019971e-05 5.866949e-06 1.528051e-05 1.443207e-05 2.587569e-05 3.557078e-06 8.681154e-06 
1.911913e-04 1.419172e-04 1.561768e-04 2.023329e-05 1.081065e-04 1.071018e-04 7.531688e-05 1.241279e-04 8.810398e-05 2.054637e-05 6.216440e-05 7.227121e-06 2.630696e-05 3.079516e-05 1.019971e-05 4.811602e-06 1.453692e-05 1.351346e-05 2.394575e-05 2.732572e-05 1.084467e-05 8.111994e-06 
6.144499e-05 1.277810e-04 9.824483e-05 5.264592e-05 3.047712e-06 1.383693e-04 4.022322e-05 1.541619e-04 7.359350e-05 4.045170e-05 5.586530e-05 2.067081e-05 2.106266e-05 4.471863e-05 5.866949e-06 1.453692e-05 1.243273e-05 2.308196e-05 2.554501e-05 3.878327e-05 1.171280e-05 1.681543e-05 
9.722767e-05 6.697184e-05 2.412418e-05 7.650688e-05 5.180231e-05 6.283557e-05 7.414906e-05 1.291748e-04 9.745128e-05 2.959029e-05 7.466165e-05 1.405009e-05 3.407542e-05 4.464993e-05 1.528051e-05 1.351346e-05 2.308196e-05 2.441441e-05 3.709419e-05 4.473660e-05 2.159498e-05 2.081655e-05 
1.650518e-04 1.426909e-05 5.174975e-05 9.204806e-05 4.543945e-05 7.770577e-05 4.140835e-05 1.483072e-04 8.399053e-05 4.731512e-05 7.073519e-05 2.692302e-05 3.207987e-05 5.910710e-05 1.443207e-05 2.394575e-05 2.554501e-05 3.709419e-05 4.324281e-05 6.014929e-05 2.800860e-05 3.435500e-05 
4.867446e-05 8.475345e-05 1.117854e-04 9.551469e-05 4.112544e-06 2.043731e-06 6.824947e-05 1.195734e-04 1.029613e-04 3.913886e-05 8.802137e-05 2.355198e-05 4.583215e-05 6.275163e-05 2.587569e-05 2.732572e-05 3.878327e-05 4.473660e-05 6.014929e-05 7.275406e-05 4.405781e-05 4.609311e-05 
9.031263e-05 1.174339e-04 1.442551e-04 8.927362e-05 8.940862e-05 6.658205e-06 3.312177e-05 1.237231e-04 8.241287e-05 4.637072e-05 7.415064e-05 2.236063e-05 2.932125e-05 5.728511e-05 3.557078e-06 1.084467e-05 1.171280e-05 2.159498e-05 2.800860e-05 4.405781e-05 5.768240e-07 4.210876e-06 
1.444877e-04 1.027966e-04 1.431978e-04 7.165566e-05 4.668378e-05 6.354677e-05 5.285798e-05 8.918722e-05 9.429298e-05 3.692036e-05 8.593842e-05 1.673224e-05 3.801913e-05 5.663630e-05 8.681154e-06 8.111994e-06 1.681543e-05 2.081655e-05 3.435500e-05 4.609311e-05 4.210876e-06 2.072187e-06 
