3.881454 1.295077 0.760062 0.550340 0.436491 0.037738 0.104824 0.158133 0.175548 0.177761 0.173447 0.166326 0.158223 0.150082 0.142200 0.134699 0.127750 0.121339 0.115348 0.109808 0.104738 0.062905 
1.295077 0.161856 0.074031 0.044821 0.032505 0.654951 0.319853 0.169075 0.094201 0.054087 0.031405 0.018005 0.009744 0.004601 0.001282 0.000904 0.002281 0.003225 0.003831 0.004175 0.004430 0.051526 
0.760062 0.074031 0.018178 0.009987 0.006275 1.088972 0.513963 0.271598 0.155375 0.094289 0.059883 0.039470 0.026753 0.018597 0.013167 0.009456 0.006900 0.005043 0.003735 0.002758 0.002025 0.076295 
0.550340 0.044821 0.009987 0.003298 0.002054 1.868283 0.790174 0.394809 0.218743 0.130366 0.082042 0.053914 0.036694 0.025689 0.018461 0.013511 0.010101 0.007650 0.005880 0.004586 0.003589 0.096973 
0.436491 0.032505 0.006275 0.002054 0.000812 4.124892 1.315453 0.587091 0.306415 0.176054 0.108219 0.069955 0.047082 0.032724 0.023376 0.017091 0.012737 0.009675 0.007442 0.005824 0.004595 0.118087 
0.037738 0.654951 1.088972 1.868283 4.124892 4.258421 1.882791 1.532595 1.286755 1.106293 0.969026 0.861441 0.775069 0.704230 0.645139 0.595063 0.552092 0.514782 0.482061 0.453124 0.427304 0.268453 
0.104824 0.319853 0.513963 0.790174 1.315453 1.882791 2.554221 1.161874 0.963763 0.820074 0.711895 0.628051 0.561301 0.507122 0.462224 0.424528 0.392355 0.364633 0.340450 0.319171 0.300306 0.124123 
0.158133 0.169075 0.271598 0.394809 0.587091 1.532595 1.161874 1.624494 0.755620 0.636663 0.548028 0.479813 0.426091 0.382688 0.347128 0.317343 0.292208 0.270577 0.251890 0.235486 0.221024 0.023016 
0.175548 0.094201 0.155375 0.218743 0.306415 1.286755 0.963763 0.755620 1.082189 0.512454 0.437520 0.380396 0.335595 0.299796 0.270504 0.246279 0.225802 0.208425 0.193361 0.180308 0.168776 0.055289 
0.177761 0.054087 0.094289 0.130366 0.176054 1.106293 0.820074 0.636663 0.512454 0.748539 0.359666 0.310562 0.272377 0.241953 0.217303 0.196927 0.179903 0.165418 0.153029 0.142244 0.132845 0.121869 
0.173447 0.031405 0.059883 0.082042 0.108219 0.969026 0.711895 0.548028 0.437520 0.359666 0.534120 0.259762 0.226498 0.200177 0.178916 0.161471 0.146921 0.134647 0.124146 0.115091 0.107183 0.183481 
0.166326 0.018005 0.039470 0.053914 0.069955 0.861441 0.628051 0.479813 0.380396 0.310562 0.259762 0.391216 0.192207 0.169005 0.150413 0.135155 0.122559 0.111892 0.102891 0.095068 0.088357 0.245089 
0.158223 0.009744 0.026753 0.036694 0.047082 0.775069 0.561301 0.426091 0.335595 0.272377 0.226498 0.192207 0.293045 0.145197 0.128641 0.115169 0.104022 0.094694 0.086773 0.079993 0.074113 0.310869 
0.150082 0.004601 0.018597 0.025689 0.032724 0.704230 0.507122 0.382688 0.299796 0.241953 0.200177 0.169005 0.145197 0.223768 0.111680 0.099594 0.089669 0.081342 0.074343 0.068321 0.063170 0.385558 
0.142200 0.001282 0.013167 0.018461 0.023376 0.645139 0.462224 0.347128 0.270504 0.217303 0.178916 0.150413 0.128641 0.111680 0.173784 0.087257 0.078282 0.070817 0.064521 0.059160 0.054541 0.475140 
0.134699 0.000904 0.009456 0.013511 0.017091 0.595063 0.424528 0.317343 0.246279 0.196927 0.161471 0.135155 0.115169 0.099594 0.087257 0.136971 0.069136 0.062351 0.056658 0.051812 0.047662 0.588940 
0.127750 0.002281 0.006900 0.010101 0.012737 0.552092 0.392355 0.292208 0.225802 0.179903 0.146921 0.122559 0.104022 0.089669 0.078282 0.069136 0.109376 0.055456 0.050247 0.045855 0.042063 0.742902 
0.121339 0.003225 0.005043 0.007650 0.009675 0.514782 0.364633 0.270577 0.208425 0.165418 0.134647 0.111892 0.094694 0.081342 0.070817 0.062351 0.055456 0.088383 0.044971 0.040931 0.037480 0.968555 
0.115348 0.003831 0.003735 0.005880 0.007442 0.482061 0.340450 0.251890 0.193361 0.153029 0.124146 0.102891 0.086773 0.074343 0.064521 0.056658 0.050247 0.044971 0.072169 0.036835 0.033652 1.338781 
0.109808 0.004175 0.002758 0.004586 0.005824 0.453124 0.319171 0.235486 0.180308 0.142244 0.115091 0.095068 0.079993 0.068321 0.059160 0.051812 0.045855 0.040931 0.036835 0.059490 0.030436 2.071999 
0.104738 0.004430 0.002025 0.003589 0.004595 0.427304 0.300306 0.221024 0.168776 0.132845 0.107183 0.088357 0.074113 0.063170 0.054541 0.047662 0.042063 0.037480 0.033652 0.030436 0.049463 4.259685 
0.062905 0.051526 0.076295 0.096973 0.118087 0.268453 0.124123 0.023016 0.055289 0.121869 0.183481 0.245089 0.310869 0.385558 0.475140 0.588940 0.742902 0.968555 1.338781 2.071999 4.259685 1.329003 
