6.509695e-04 1.865510e-04 1.108075e-04 8.050404e-05 6.401035e-05 2.065197e-05 6.627876e-06 1.792104e-05 2.249129e-05 2.403207e-05 2.414919e-05 2.358896e-05 2.273254e-05 2.175812e-05 2.074979e-05 1.976174e-05 1.881768e-05 1.792397e-05 1.708659e-05 1.630542e-05 1.558463e-05 
1.865510e-04 3.624212e-05 1.386715e-05 8.473627e-06 6.151037e-06 1.168201e-04 5.854077e-05 3.164289e-05 1.797625e-05 1.052100e-05 6.232608e-06 3.667323e-06 2.065079e-06 1.037904e-06 3.764731e-07 6.018629e-08 3.524115e-07 5.443497e-07 6.719635e-07 7.566777e-07 8.220342e-07 
1.108075e-04 1.386715e-05 4.608564e-06 2.049442e-06 1.303193e-06 1.914852e-04 9.259339e-05 4.992801e-05 2.904010e-05 1.786558e-05 1.148407e-05 7.655832e-06 5.238828e-06 3.658925e-06 2.609268e-06 1.887277e-06 1.377656e-06 1.016497e-06 7.526973e-07 5.555201e-07 3.922588e-07 
8.050404e-05 8.473627e-06 2.049442e-06 9.624317e-07 4.469646e-07 3.257157e-04 1.410547e-04 7.187315e-05 4.048192e-05 2.445111e-05 1.557124e-05 1.035338e-05 7.106981e-06 5.006346e-06 3.619358e-06 2.668893e-06 1.999036e-06 1.523725e-06 1.175614e-06 9.143497e-07 6.980074e-07 
6.401035e-05 6.151037e-06 1.303193e-06 4.469646e-07 3.060901e-07 7.152651e-04 2.333809e-04 1.061772e-04 5.630643e-05 3.278595e-05 2.038455e-05 1.333423e-05 9.050725e-06 6.327201e-06 4.551973e-06 3.347685e-06 2.505653e-06 1.911655e-06 1.478675e-06 1.154942e-06 8.881326e-07 
2.065197e-05 1.168201e-04 1.914852e-04 3.257157e-04 7.152651e-04 8.983041e-04 3.119004e-04 2.559039e-04 2.161077e-04 1.866129e-04 1.639791e-04 1.461021e-04 1.317058e-04 1.198679e-04 1.099361e-04 1.015018e-04 9.425156e-05 8.793830e-05 8.239605e-05 7.749087e-05 7.313949e-05 
6.627876e-06 5.854077e-05 9.259339e-05 1.410547e-04 2.333809e-04 3.119004e-04 5.522731e-04 1.967329e-04 1.643391e-04 1.405760e-04 1.225086e-04 1.083566e-04 9.707699e-05 8.788353e-05 8.021900e-05 7.375717e-05 6.824097e-05 6.346354e-05 5.929404e-05 5.562471e-05 5.239680e-05 
1.792104e-05 3.164289e-05 4.992801e-05 7.187315e-05 1.061772e-04 2.559039e-04 1.967329e-04 3.584484e-04 1.303561e-04 1.105238e-04 9.555430e-05 8.390623e-05 7.471741e-05 6.728889e-05 6.112622e-05 5.596543e-05 5.158901e-05 4.781673e-05 4.454307e-05 4.167834e-05 3.918215e-05 
2.249129e-05 1.797625e-05 2.904010e-05 4.048192e-05 5.630643e-05 2.161077e-04 1.643391e-04 1.303561e-04 2.428200e-04 8.983897e-05 7.707626e-05 6.719708e-05 5.949296e-05 5.331104e-05 4.819828e-05 4.394331e-05 4.035778e-05 3.727948e-05 3.462258e-05 3.231056e-05 3.031791e-05 
2.403207e-05 1.052100e-05 1.786558e-05 2.445111e-05 3.278595e-05 1.866129e-04 1.405760e-04 1.105238e-04 8.983897e-05 1.702911e-04 6.382551e-05 5.524936e-05 4.866353e-05 4.340953e-05 3.906437e-05 3.546887e-05 3.245728e-05 2.987945e-05 2.766611e-05 2.575078e-05 2.412093e-05 
2.414919e-05 6.232608e-06 1.148407e-05 1.557124e-05 2.038455e-05 1.639791e-04 1.225086e-04 9.555430e-05 7.707626e-05 6.382551e-05 1.229766e-04 4.637635e-05 4.070847e-05 3.617706e-05 3.240795e-05 2.930669e-05 2.672460e-05 2.451846e-05 2.263401e-05 2.101247e-05 1.965339e-05 
2.358896e-05 3.667323e-06 7.655832e-06 1.035338e-05 1.333423e-05 1.461021e-04 1.083566e-04 8.390623e-05 6.719708e-05 5.524936e-05 4.637635e-05 9.117291e-05 3.487365e-05 3.086064e-05 2.749550e-05 2.475625e-05 2.249420e-05 2.056416e-05 1.892522e-05 1.752377e-05 1.637080e-05 
2.273254e-05 2.065079e-06 5.238828e-06 7.106981e-06 9.050725e-06 1.317058e-04 9.707699e-05 7.471741e-05 5.949296e-05 4.866353e-05 4.070847e-05 3.487365e-05 6.891559e-05 2.674213e-05 2.366248e-05 2.121422e-05 1.921277e-05 1.750328e-05 1.606064e-05 1.483518e-05 1.385014e-05 
2.175812e-05 1.037904e-06 3.658925e-06 5.006346e-06 6.327201e-06 1.198679e-04 8.788353e-05 6.728889e-05 5.331104e-05 4.340953e-05 3.617706e-05 3.086064e-05 2.674213e-05 5.294770e-05 2.050345e-05 1.834893e-05 1.658646e-05 1.506498e-05 1.378791e-05 1.270987e-05 1.186876e-05 
2.074979e-05 3.764731e-07 2.609268e-06 3.619358e-06 4.551973e-06 1.099361e-04 8.021900e-05 6.112622e-05 4.819828e-05 3.906437e-05 3.240795e-05 2.749550e-05 2.366248e-05 2.050345e-05 4.143576e-05 1.614765e-05 1.456723e-05 1.317929e-05 1.202798e-05 1.106509e-05 1.034404e-05 
1.976174e-05 6.018629e-08 1.887277e-06 2.668893e-06 3.347685e-06 1.015018e-04 7.375717e-05 5.596543e-05 4.394331e-05 3.546887e-05 2.930669e-05 2.475625e-05 2.121422e-05 1.834893e-05 1.614765e-05 3.287789e-05 1.295734e-05 1.165345e-05 1.060524e-05 9.740042e-06 9.129616e-06 
1.881768e-05 3.524115e-07 1.377656e-06 1.999036e-06 2.505653e-06 9.425156e-05 6.824097e-05 5.158901e-05 4.035778e-05 3.245728e-05 2.672460e-05 2.249420e-05 1.921277e-05 1.658646e-05 1.456723e-05 1.295734e-05 2.637385e-05 1.032468e-05 9.397883e-06 8.632228e-06 8.138972e-06 
1.792397e-05 5.443497e-07 1.016497e-06 1.523725e-06 1.911655e-06 8.793830e-05 6.346354e-05 4.781673e-05 3.727948e-05 2.987945e-05 2.451846e-05 2.056416e-05 1.750328e-05 1.506498e-05 1.317929e-05 1.165345e-05 1.032468e-05 2.144601e-05 8.457320e-06 7.768605e-06 7.395814e-06 
1.708659e-05 6.719635e-07 7.526973e-07 1.175614e-06 1.478675e-06 8.239605e-05 5.929404e-05 4.454307e-05 3.462258e-05 2.766611e-05 2.263401e-05 1.892522e-05 1.606064e-05 1.378791e-05 1.202798e-05 1.060524e-05 9.397883e-06 8.457320e-06 1.759884e-05 7.072108e-06 6.862388e-06 
1.630542e-05 7.566777e-07 5.555201e-07 9.143497e-07 1.154942e-06 7.749087e-05 5.562471e-05 4.167834e-05 3.231056e-05 2.575078e-05 2.101247e-05 1.752377e-05 1.483518e-05 1.270987e-05 1.106509e-05 9.740042e-06 8.632228e-06 7.768605e-06 7.072108e-06 1.452660e-05 6.661615e-06 
1.558463e-05 8.220342e-07 3.922588e-07 6.980074e-07 8.881326e-07 7.313949e-05 5.239680e-05 3.918215e-05 3.031791e-05 2.412093e-05 1.965339e-05 1.637080e-05 1.385014e-05 1.186876e-05 1.034404e-05 9.129616e-06 8.138972e-06 7.395814e-06 6.862388e-06 6.661615e-06 1.177300e-05 
