6.507448 1.864196 1.107250 0.804707 0.639920 0.206576 0.066031 0.179023 0.224758 0.240164 0.241357 0.235839 0.227268 0.217481 0.207415 0.197543 0.188095 0.179172 0.170802 0.162981 0.155786 
1.864196 0.364500 0.138459 0.085129 0.061931 1.167709 0.585314 0.316301 0.179630 0.105117 0.062230 0.036475 0.020485 0.010293 0.003669 0.000696 0.003596 0.005524 0.006797 0.007622 0.008287 
1.107250 0.138459 0.048645 0.021684 0.013921 1.913970 0.925712 0.499028 0.290157 0.178476 0.114663 0.076250 0.052127 0.036440 0.025934 0.018718 0.013653 0.010032 0.007400 0.005459 0.003813 
0.804707 0.085129 0.021684 0.010067 0.005027 3.256430 1.410750 0.718793 0.404832 0.244569 0.155742 0.103368 0.070947 0.050068 0.036171 0.026660 0.019991 0.015216 0.011734 0.009153 0.006966 
0.639920 0.061931 0.013921 0.005027 0.002687 7.151707 2.334490 1.062103 0.563270 0.328092 0.204016 0.133246 0.090456 0.063371 0.045578 0.033520 0.025131 0.019160 0.014825 0.011622 0.008922 
0.206576 1.167709 1.913970 3.256430 7.151707 8.981471 3.116462 2.557937 2.160387 1.865508 1.639316 1.460929 1.316933 1.198388 1.099138 1.014827 0.942298 0.879212 0.823804 0.774719 0.731249 
0.066031 0.585314 0.925712 1.410750 2.334490 3.116462 5.523973 1.967828 1.643773 1.405902 1.225247 1.084105 0.971175 0.878968 0.802357 0.737738 0.682512 0.634767 0.593066 0.556313 0.524068 
0.179023 0.316301 0.499028 0.718793 1.062103 2.557937 1.967828 3.585232 1.303819 1.105178 0.955572 0.839627 0.747568 0.672946 0.611372 0.559771 0.515937 0.478254 0.445514 0.416801 0.391883 
0.224758 0.179630 0.290157 0.404832 0.563270 2.160387 1.643773 1.303819 2.428717 0.897980 0.770663 0.672665 0.595372 0.533120 0.482065 0.439527 0.403591 0.372859 0.346289 0.323094 0.303220 
0.240164 0.105117 0.178476 0.244569 0.328092 1.865508 1.405902 1.105178 0.897980 1.703751 0.638490 0.553816 0.487413 0.434229 0.390847 0.354889 0.324663 0.298936 0.276795 0.257549 0.241307 
0.241357 0.062230 0.114663 0.155742 0.204016 1.639316 1.225247 0.955572 0.770663 0.638490 1.230430 0.466267 0.408172 0.361868 0.324276 0.293262 0.267309 0.245313 0.226461 0.210139 0.196616 
0.235839 0.036475 0.076250 0.103368 0.133246 1.460929 1.084105 0.839627 0.672665 0.553816 0.466267 0.910707 0.348313 0.307378 0.274285 0.247093 0.224429 0.205296 0.188960 0.174867 0.163454 
0.227268 0.020485 0.052127 0.070947 0.090456 1.316933 0.971175 0.747568 0.595372 0.487413 0.408172 0.348313 0.688404 0.265330 0.235815 0.211652 0.191583 0.174701 0.160335 0.147983 0.138268 
0.217481 0.010293 0.036440 0.050068 0.063371 1.198388 0.878968 0.672946 0.533120 0.434229 0.361868 0.307378 0.265330 0.529946 0.205579 0.183865 0.165889 0.150814 0.138025 0.127062 0.118767 
0.207415 0.003669 0.025934 0.036171 0.045578 1.099138 0.802357 0.611372 0.482065 0.390847 0.324276 0.274285 0.235815 0.205579 0.414527 0.161676 0.145416 0.131818 0.120315 0.110481 0.103431 
0.197543 0.000696 0.018718 0.026660 0.033520 1.014827 0.737738 0.559771 0.439527 0.354889 0.293262 0.247093 0.211652 0.183865 0.161676 0.328845 0.128836 0.116466 0.106027 0.097126 0.091239 
0.188095 0.003596 0.013653 0.019991 0.025131 0.942298 0.682512 0.515937 0.403591 0.324663 0.267309 0.224429 0.191583 0.165889 0.145416 0.128836 0.264160 0.103879 0.094335 0.086214 0.081521 
0.179172 0.005524 0.010032 0.015216 0.019160 0.879212 0.634767 0.478254 0.372859 0.298936 0.245313 0.205296 0.174701 0.150814 0.131818 0.116466 0.103879 0.214589 0.084641 0.077184 0.073909 
0.170802 0.006797 0.007400 0.011734 0.014825 0.823804 0.593066 0.445514 0.346289 0.276795 0.226461 0.188960 0.160335 0.138025 0.120315 0.106027 0.094335 0.084641 0.176087 0.069623 0.068512 
0.162981 0.007622 0.005459 0.009153 0.011622 0.774719 0.556313 0.416801 0.323094 0.257549 0.210139 0.174867 0.147983 0.127062 0.110481 0.097126 0.086214 0.077184 0.069623 0.145816 0.067529 
0.155786 0.008287 0.003813 0.006966 0.008922 0.731249 0.524068 0.391883 0.303220 0.241307 0.196616 0.163454 0.138268 0.118767 0.103431 0.091239 0.081521 0.073909 0.068512 0.067529 0.117916 
