9.237338 2.347210 1.409811 1.028138 0.819404 0.685906 0.049022 0.146781 0.235295 0.273348 0.286508 0.287059 0.281204 0.272192 0.261769 0.250882 0.240048 0.229540 0.219497 0.209976 0.178242 
2.347210 0.647362 0.212618 0.132520 0.096834 0.076938 0.927992 0.512140 0.296699 0.177210 0.107369 0.064829 0.038056 0.020766 0.009373 0.001755 0.003389 0.006875 0.009233 0.010811 0.020287 
1.409811 0.212618 0.099093 0.037635 0.024513 0.018087 1.445717 0.793155 0.468023 0.291514 0.189315 0.127077 0.087591 0.061677 0.044179 0.032073 0.023520 0.017367 0.012869 0.009537 0.048320 
1.028138 0.132520 0.037635 0.022536 0.009541 0.006406 2.187297 1.133756 0.647846 0.396235 0.255015 0.170823 0.118191 0.083999 0.061062 0.045251 0.034095 0.026061 0.020172 0.015786 0.063204 
0.819404 0.096834 0.024513 0.009541 0.006387 0.002908 3.601829 1.666441 0.896412 0.528529 0.332133 0.218926 0.149829 0.105723 0.076525 0.056602 0.042654 0.032669 0.025383 0.019974 0.076625 
0.685906 0.076938 0.018087 0.006406 0.002908 0.002156 7.758248 2.700113 1.294914 0.717807 0.434214 0.278999 0.187534 0.130599 0.093610 0.068733 0.051511 0.039294 0.030443 0.023913 0.090507 
0.049022 0.927992 1.445717 2.187297 3.601829 7.758248 9.920574 2.909751 2.445636 2.101462 1.837925 1.630666 1.463939 1.327204 1.213183 1.116718 1.034066 0.962457 0.899800 0.844490 0.712360 
0.146781 0.512140 0.793155 1.133756 1.666441 2.700113 2.909751 6.553492 1.959488 1.669802 1.449689 1.277862 1.140617 1.028821 0.936191 0.858296 0.791934 0.734744 0.684953 0.641205 0.506354 
0.235295 0.296699 0.468023 0.647846 0.896412 1.294914 2.445636 1.959488 4.505445 1.368053 1.179521 1.033279 0.917189 0.823186 0.745742 0.680971 0.626075 0.578997 0.538200 0.502511 0.360095 
0.273348 0.177210 0.291514 0.396235 0.528529 0.717807 2.101462 1.669802 1.368053 3.200390 0.984044 0.857003 0.756694 0.675890 0.609656 0.554530 0.508026 0.468324 0.434065 0.404216 0.250043 
0.286508 0.107369 0.189315 0.255015 0.332133 0.434214 1.837925 1.449689 1.179521 0.984044 2.336308 0.725799 0.637640 0.566947 0.509259 0.461453 0.421294 0.387147 0.357797 0.332320 0.162172 
0.287059 0.064829 0.127077 0.170823 0.218926 0.278999 1.630666 1.277862 1.033279 0.857003 0.725799 1.745510 0.546901 0.484162 0.433166 0.391068 0.355837 0.325991 0.300428 0.278314 0.087377 
0.281204 0.038056 0.087591 0.118191 0.149829 0.187534 1.463939 1.140617 0.917189 0.756694 0.637640 0.546901 1.330354 0.419779 0.374144 0.336601 0.305288 0.278848 0.256276 0.236810 0.019030 
0.272192 0.020766 0.061677 0.083999 0.105723 0.130599 1.327204 1.028821 0.823186 0.675890 0.566947 0.484162 0.419779 1.031648 0.327437 0.293601 0.265464 0.241777 0.221614 0.204274 0.048587 
0.261769 0.009373 0.044179 0.061062 0.076525 0.093610 1.213183 0.936191 0.745742 0.609656 0.509259 0.433166 0.374144 0.327437 0.812258 0.259052 0.233536 0.212113 0.193925 0.178322 0.121672 
0.250882 0.001755 0.032073 0.045251 0.056602 0.068733 1.116718 0.858296 0.680971 0.554530 0.461453 0.391068 0.336601 0.293601 0.259052 0.648175 0.207540 0.188006 0.171462 0.157300 0.208859 
0.240048 0.003389 0.023520 0.034095 0.042654 0.051511 1.034066 0.791934 0.626075 0.508026 0.421294 0.355837 0.305288 0.265464 0.233536 0.207540 0.523469 0.168145 0.152987 0.140037 0.325393 
0.229540 0.006875 0.017367 0.026061 0.032669 0.039294 0.962457 0.734744 0.578997 0.468324 0.387147 0.325991 0.278848 0.241777 0.212113 0.188006 0.168145 0.427318 0.137604 0.125682 0.505040 
0.219497 0.009233 0.012869 0.020172 0.025383 0.030443 0.899800 0.684953 0.538200 0.434065 0.357797 0.300428 0.256276 0.221614 0.193925 0.171462 0.152987 0.137604 0.352221 0.113603 0.847281 
0.209976 0.010811 0.009537 0.015786 0.019974 0.023913 0.844490 0.641205 0.502511 0.404216 0.332320 0.278314 0.236810 0.204274 0.178322 0.157300 0.140037 0.125682 0.113603 0.292896 1.847035 
0.178242 0.020287 0.048320 0.063204 0.076625 0.090507 0.712360 0.506354 0.360095 0.250043 0.162172 0.087377 0.019030 0.048587 0.121672 0.208859 0.325393 0.505040 0.847281 1.847035 1.166368 
