9.239355 2.348146 1.410231 1.028318 0.819447 0.686174 0.048780 0.146841 0.235372 0.273409 0.286638 0.287122 0.281272 0.272275 0.261854 0.250935 0.240129 0.229586 0.219532 0.210031 0.178273 
2.348146 0.645955 0.212348 0.132137 0.096392 0.076961 0.927958 0.512341 0.296842 0.177351 0.107389 0.064929 0.038135 0.020811 0.009404 0.001823 0.003370 0.006813 0.009163 0.010774 0.020350 
1.410231 0.212348 0.098385 0.037092 0.023923 0.018253 1.445565 0.793357 0.468148 0.291641 0.189285 0.127158 0.087647 0.061693 0.044179 0.032124 0.023509 0.017413 0.012929 0.009554 0.048373 
1.028318 0.132137 0.037092 0.022931 0.008877 0.007030 2.186826 1.133850 0.647859 0.396270 0.254856 0.170822 0.118167 0.083931 0.060980 0.045239 0.034011 0.026053 0.020184 0.015749 0.063214 
0.819447 0.096392 0.023923 0.008877 0.007901 0.005043 3.600646 1.666296 0.896208 0.528393 0.331771 0.218787 0.149676 0.105527 0.076323 0.056494 0.042465 0.032579 0.025321 0.019858 0.076570 
0.686174 0.076961 0.018253 0.007030 0.005043 0.000576 7.758128 2.701150 1.295504 0.718308 0.434307 0.279306 0.187766 0.130737 0.093707 0.068914 0.051572 0.039453 0.030619 0.024009 0.090661 
0.048780 0.927958 1.445565 2.186826 3.600646 7.758128 9.918821 2.907411 2.444623 2.100700 1.837764 1.630239 1.463621 1.327011 1.213045 1.116481 1.033976 0.962254 0.899579 0.844364 0.712167 
0.146841 0.512341 0.793357 1.133850 1.666296 2.701150 2.907411 6.554434 1.959928 1.669933 1.450385 1.278010 1.140798 1.029082 0.936461 0.858401 0.792179 0.734826 0.684990 0.641332 0.506387 
0.235372 0.296842 0.468148 0.647859 0.896208 1.295504 2.444623 1.959928 4.505926 1.367848 1.180371 1.033316 0.917295 0.823409 0.745983 0.681018 0.626295 0.579029 0.538185 0.502604 0.360083 
0.273409 0.177351 0.291641 0.396270 0.528393 0.718308 2.100700 1.669933 1.367848 3.201060 0.986042 0.857176 0.756920 0.676243 0.610009 0.554629 0.508328 0.468394 0.434076 0.404351 0.250054 
0.286638 0.107389 0.189285 0.254856 0.331771 0.434307 1.837764 1.450385 1.180371 0.986042 2.335250 0.724009 0.636887 0.566680 0.509137 0.461102 0.421258 0.386879 0.357497 0.332196 0.161927 
0.287122 0.064929 0.127158 0.170822 0.218787 0.279306 1.630239 1.278010 1.033316 0.857176 0.724009 1.745886 0.547252 0.484730 0.433669 0.391127 0.356214 0.326022 0.300382 0.278444 0.087342 
0.281272 0.038135 0.087647 0.118167 0.149676 0.187766 1.463621 1.140798 0.917295 0.756920 0.636887 0.547252 1.330467 0.420580 0.374735 0.336552 0.305676 0.278805 0.256150 0.236904 0.018935 
0.272275 0.020811 0.061693 0.083931 0.105527 0.130737 1.327011 1.029082 0.823409 0.676243 0.566680 0.484730 0.420580 1.031206 0.327808 0.293091 0.265703 0.241495 0.221274 0.204232 0.048836 
0.261854 0.009404 0.044179 0.060980 0.076323 0.093707 1.213045 0.936461 0.745983 0.610009 0.509137 0.433669 0.374735 0.327808 0.811578 0.257612 0.233705 0.211589 0.193382 0.178185 0.122042 
0.250935 0.001823 0.032124 0.045239 0.056494 0.068914 1.116481 0.858401 0.681018 0.554629 0.461102 0.391127 0.336552 0.293091 0.257612 0.648381 0.209399 0.187971 0.171242 0.157525 0.208991 
0.240129 0.003370 0.023509 0.034011 0.042465 0.051572 1.033976 0.792179 0.626295 0.508328 0.421258 0.356214 0.305676 0.265703 0.233705 0.209399 0.522599 0.166126 0.151657 0.139671 0.326076 
0.229586 0.006813 0.017413 0.026053 0.032579 0.039453 0.962254 0.734826 0.579029 0.468394 0.386879 0.326022 0.278805 0.241495 0.211589 0.187971 0.166126 0.427560 0.136989 0.126192 0.505245 
0.219532 0.009163 0.012929 0.020184 0.025321 0.030619 0.899579 0.684990 0.538185 0.434076 0.357497 0.300382 0.256150 0.221274 0.193382 0.171242 0.151657 0.136989 0.352781 0.115286 0.847271 
0.210031 0.010774 0.009554 0.015749 0.019858 0.024009 0.844364 0.641332 0.502604 0.404351 0.332196 0.278444 0.236904 0.204232 0.178185 0.157525 0.139671 0.126192 0.115286 0.292617 1.848762 
0.178273 0.020350 0.048373 0.063214 0.076570 0.090661 0.712167 0.506387 0.360083 0.250054 0.161927 0.087342 0.018935 0.048836 0.122042 0.208991 0.326076 0.505245 0.847271 1.848762 1.166913 
