9.239355e-04 2.348146e-04 1.410231e-04 1.028318e-04 8.194472e-05 6.861743e-05 4.878045e-06 1.468413e-05 2.353725e-05 2.734090e-05 2.866377e-05 2.871216e-05 2.812719e-05 2.722750e-05 2.618539e-05 2.509346e-05 2.401293e-05 2.295864e-05 2.195319e-05 2.100311e-05 1.782735e-05 
2.348146e-04 6.459549e-05 2.123480e-05 1.321371e-05 9.639154e-06 7.696100e-06 9.279582e-05 5.123412e-05 2.968420e-05 1.773511e-05 1.073886e-05 6.492921e-06 3.813490e-06 2.081090e-06 9.403752e-07 1.822641e-07 3.369863e-07 6.813467e-07 9.162796e-07 1.077419e-06 2.034993e-06 
1.410231e-04 2.123480e-05 9.838525e-06 3.709235e-06 2.392267e-06 1.825263e-06 1.445565e-04 7.933567e-05 4.681483e-05 2.916415e-05 1.892845e-05 1.271582e-05 8.764711e-06 6.169291e-06 4.417897e-06 3.212354e-06 2.350876e-06 1.741314e-06 1.292876e-06 9.554245e-07 4.837336e-06 
1.028318e-04 1.321371e-05 3.709235e-06 2.293112e-06 8.876843e-07 7.030476e-07 2.186826e-04 1.133850e-04 6.478585e-05 3.962699e-05 2.548564e-05 1.708216e-05 1.181672e-05 8.393068e-06 6.098026e-06 4.523903e-06 3.401108e-06 2.605348e-06 2.018376e-06 1.574893e-06 6.321430e-06 
8.194472e-05 9.639154e-06 2.392267e-06 8.876843e-07 7.901108e-07 5.042752e-07 3.600646e-04 1.666296e-04 8.962084e-05 5.283932e-05 3.317711e-05 2.187872e-05 1.496764e-05 1.055274e-05 7.632345e-06 5.649385e-06 4.246496e-06 3.257872e-06 2.532106e-06 1.985836e-06 7.656994e-06 
6.861743e-05 7.696100e-06 1.825263e-06 7.030476e-07 5.042752e-07 5.759789e-08 7.758128e-04 2.701150e-04 1.295504e-04 7.183075e-05 4.343071e-05 2.793060e-05 1.877660e-05 1.307366e-05 9.370684e-06 6.891409e-06 5.157235e-06 3.945320e-06 3.061932e-06 2.400937e-06 9.066118e-06 
4.878045e-06 9.279582e-05 1.445565e-04 2.186826e-04 3.600646e-04 7.758128e-04 9.918821e-04 2.907411e-04 2.444623e-04 2.100700e-04 1.837764e-04 1.630239e-04 1.463621e-04 1.327011e-04 1.213045e-04 1.116481e-04 1.033976e-04 9.622540e-05 8.995791e-05 8.443640e-05 7.121674e-05 
1.468413e-05 5.123412e-05 7.933567e-05 1.133850e-04 1.666296e-04 2.701150e-04 2.907411e-04 6.554434e-04 1.959928e-04 1.669933e-04 1.450385e-04 1.278010e-04 1.140798e-04 1.029082e-04 9.364605e-05 8.584015e-05 7.921791e-05 7.348261e-05 6.849901e-05 6.413318e-05 5.063873e-05 
2.353725e-05 2.968420e-05 4.681483e-05 6.478585e-05 8.962084e-05 1.295504e-04 2.444623e-04 1.959928e-04 4.505926e-04 1.367848e-04 1.180371e-04 1.033316e-04 9.172951e-05 8.234087e-05 7.459825e-05 6.810178e-05 6.262952e-05 5.790291e-05 5.381847e-05 5.026041e-05 3.600832e-05 
2.734090e-05 1.773511e-05 2.916415e-05 3.962699e-05 5.283932e-05 7.183075e-05 2.100700e-04 1.669933e-04 1.367848e-04 3.201060e-04 9.860424e-05 8.571759e-05 7.569203e-05 6.762429e-05 6.100089e-05 5.546293e-05 5.083280e-05 4.683941e-05 4.340760e-05 4.043513e-05 2.500540e-05 
2.866377e-05 1.073886e-05 1.892845e-05 2.548564e-05 3.317711e-05 4.343071e-05 1.837764e-04 1.450385e-04 1.180371e-04 9.860424e-05 2.335250e-04 7.240095e-05 6.368873e-05 5.666803e-05 5.091373e-05 4.611019e-05 4.212584e-05 3.868789e-05 3.574972e-05 3.321960e-05 1.619268e-05 
2.871216e-05 6.492921e-06 1.271582e-05 1.708216e-05 2.187872e-05 2.793060e-05 1.630239e-04 1.278010e-04 1.033316e-04 8.571759e-05 7.240095e-05 1.745886e-04 5.472516e-05 4.847297e-05 4.336694e-05 3.911271e-05 3.562138e-05 3.260217e-05 3.003816e-05 2.784443e-05 8.734175e-06 
2.812719e-05 3.813490e-06 8.764711e-06 1.181672e-05 1.496764e-05 1.877660e-05 1.463621e-04 1.140798e-04 9.172951e-05 7.569203e-05 6.368873e-05 5.472516e-05 1.330467e-04 4.205799e-05 3.747348e-05 3.365522e-05 3.056761e-05 2.788049e-05 2.561504e-05 2.369038e-05 1.893533e-06 
2.722750e-05 2.081090e-06 6.169291e-06 8.393068e-06 1.055274e-05 1.307366e-05 1.327011e-04 1.029082e-04 8.234087e-05 6.762429e-05 5.666803e-05 4.847297e-05 4.205799e-05 1.031206e-04 3.278082e-05 2.930909e-05 2.657029e-05 2.414949e-05 2.212739e-05 2.042317e-05 4.883558e-06 
2.618539e-05 9.403752e-07 4.417897e-06 6.098026e-06 7.632345e-06 9.370684e-06 1.213045e-04 9.364605e-05 7.459825e-05 6.100089e-05 5.091373e-05 4.336694e-05 3.747348e-05 3.278082e-05 8.115782e-05 2.576122e-05 2.337051e-05 2.115888e-05 1.933820e-05 1.781851e-05 1.220421e-05 
2.509346e-05 1.822641e-07 3.212354e-06 4.523903e-06 5.649385e-06 6.891409e-06 1.116481e-04 8.584015e-05 6.810178e-05 5.546293e-05 4.611019e-05 3.911271e-05 3.365522e-05 2.930909e-05 2.576122e-05 6.483814e-05 2.093993e-05 1.879707e-05 1.712424e-05 1.575249e-05 2.089915e-05 
2.401293e-05 3.369863e-07 2.350876e-06 3.401108e-06 4.246496e-06 5.157235e-06 1.033976e-04 7.921791e-05 6.262952e-05 5.083280e-05 4.212584e-05 3.562138e-05 3.056761e-05 2.657029e-05 2.337051e-05 2.093993e-05 5.225991e-05 1.661259e-05 1.516569e-05 1.396705e-05 3.260759e-05 
2.295864e-05 6.813467e-07 1.741314e-06 2.605348e-06 3.257872e-06 3.945320e-06 9.622540e-05 7.348261e-05 5.790291e-05 4.683941e-05 3.868789e-05 3.260217e-05 2.788049e-05 2.414949e-05 2.115888e-05 1.879707e-05 1.661259e-05 4.275602e-05 1.369886e-05 1.261924e-05 5.052451e-05 
2.195319e-05 9.162796e-07 1.292876e-06 2.018376e-06 2.532106e-06 3.061932e-06 8.995791e-05 6.849901e-05 5.381847e-05 4.340760e-05 3.574972e-05 3.003816e-05 2.561504e-05 2.212739e-05 1.933820e-05 1.712424e-05 1.516569e-05 1.369886e-05 3.527809e-05 1.152865e-05 8.472707e-05 
2.100311e-05 1.077419e-06 9.554245e-07 1.574893e-06 1.985836e-06 2.400937e-06 8.443640e-05 6.413318e-05 5.026041e-05 4.043513e-05 3.321960e-05 2.784443e-05 2.369038e-05 2.042317e-05 1.781851e-05 1.575249e-05 1.396705e-05 1.261924e-05 1.152865e-05 2.926174e-05 1.848762e-04 
1.782735e-05 2.034993e-06 4.837336e-06 6.321430e-06 7.656994e-06 9.066118e-06 7.121674e-05 5.063873e-05 3.600832e-05 2.500540e-05 1.619268e-05 8.734175e-06 1.893533e-06 4.883558e-06 1.220421e-05 2.089915e-05 3.260759e-05 5.052451e-05 8.472707e-05 1.848762e-04 1.166913e-04 
