1.184031e-03 2.724567e-04 1.654018e-04 1.209801e-04 9.663093e-05 8.098859e-05 7.002251e-05 5.677827e-06 2.017256e-05 2.718716e-05 3.034967e-05 3.149441e-05 3.153225e-05 3.097437e-05 3.010739e-05 2.907816e-05 2.799410e-05 2.689448e-05 2.581373e-05 2.477997e-05 
2.724567e-04 9.920750e-05 2.896249e-05 1.820680e-05 1.341149e-05 1.063483e-05 8.894125e-06 7.552982e-05 4.460623e-05 2.717033e-05 1.685330e-05 1.046852e-05 6.407216e-06 3.753395e-06 1.975933e-06 7.795222e-07 5.109041e-08 6.198047e-07 1.012483e-06 1.298118e-06 
1.654018e-04 2.896249e-05 1.683399e-05 5.502192e-06 3.733187e-06 2.706831e-06 2.168085e-06 1.149261e-04 6.874634e-05 4.331011e-05 2.843129e-05 1.925084e-05 1.338224e-05 9.500995e-06 6.852043e-06 5.017741e-06 3.699964e-06 2.752345e-06 2.056460e-06 1.518521e-06 
1.209801e-04 1.820680e-05 5.502192e-06 4.374516e-06 1.730543e-06 1.044393e-06 7.970643e-07 1.631358e-04 9.444113e-05 5.838591e-05 3.795450e-05 2.562255e-05 1.785877e-05 1.277848e-05 9.336267e-06 6.962319e-06 5.260865e-06 4.036740e-06 3.135762e-06 2.437932e-06 
9.663093e-05 1.341149e-05 3.733187e-06 1.730543e-06 1.092598e-06 2.730196e-07 2.516748e-07 2.387954e-04 1.301219e-04 7.754818e-05 4.922560e-05 3.270663e-05 2.255511e-05 1.602945e-05 1.166719e-05 8.688768e-06 6.571308e-06 5.056692e-06 3.946820e-06 3.090766e-06 
8.098859e-05 1.063483e-05 2.706831e-06 1.044393e-06 2.730196e-07 6.437017e-07 2.313741e-07 3.855446e-04 1.872235e-04 1.048617e-04 6.404996e-05 4.146663e-05 2.807316e-05 1.968085e-05 1.417775e-05 1.047475e-05 7.873325e-06 6.029611e-06 4.688826e-06 3.661863e-06 
7.002251e-05 8.894125e-06 2.168085e-06 7.970643e-07 2.516748e-07 2.313741e-07 3.086505e-07 8.198316e-04 2.992046e-04 1.492829e-04 8.566131e-05 5.334570e-05 3.517952e-05 2.420456e-05 1.719560e-05 1.257034e-05 9.371080e-06 7.130445e-06 5.516708e-06 4.291420e-06 
5.677827e-06 7.552982e-05 1.149261e-04 1.631358e-04 2.387954e-04 3.855446e-04 8.198316e-04 1.061825e-03 2.697587e-04 2.311013e-04 2.013233e-04 1.780319e-04 1.592759e-04 1.439214e-04 1.311753e-04 1.203898e-04 1.112136e-04 1.032686e-04 9.633636e-05 9.028044e-05 
2.017256e-05 4.460623e-05 6.874634e-05 9.444113e-05 1.301219e-04 1.872235e-04 2.992046e-04 2.697587e-04 7.397540e-04 1.908892e-04 1.651189e-04 1.451912e-04 1.292077e-04 1.161957e-04 1.054628e-04 9.641516e-05 8.876920e-05 8.217295e-05 7.644244e-05 7.147244e-05 
2.718716e-05 2.717033e-05 4.331011e-05 5.838591e-05 7.754818e-05 1.048617e-04 1.492829e-04 2.311013e-04 1.908892e-04 5.312396e-04 1.384208e-04 1.211635e-04 1.072908e-04 9.604670e-05 8.682813e-05 7.907581e-05 7.256973e-05 6.697204e-05 6.212806e-05 5.795974e-05 
3.034967e-05 1.685330e-05 2.843129e-05 3.795450e-05 4.922560e-05 6.404996e-05 8.566131e-05 2.013233e-04 1.651189e-04 1.384208e-04 3.917577e-04 1.033667e-04 9.101841e-05 8.109755e-05 7.302739e-05 6.625046e-05 6.060818e-05 5.576275e-05 5.158522e-05 4.802210e-05 
3.149441e-05 1.046852e-05 1.925084e-05 2.562255e-05 3.270663e-05 4.146663e-05 5.334570e-05 1.780319e-04 1.451912e-04 1.211635e-04 1.033667e-04 2.950215e-04 7.831674e-05 6.950336e-05 6.238141e-05 5.638413e-05 5.143576e-05 4.718597e-05 4.353328e-05 4.044916e-05 
3.153225e-05 6.407216e-06 1.338224e-05 1.785877e-05 2.255511e-05 2.807316e-05 3.517952e-05 1.592759e-04 1.292077e-04 1.072908e-04 9.101841e-05 7.831674e-05 2.265496e-04 6.046570e-05 5.412316e-05 4.872983e-05 4.433841e-05 4.055799e-05 3.731830e-05 3.461650e-05 
3.097437e-05 3.753395e-06 9.500995e-06 1.277848e-05 1.602945e-05 1.968085e-05 2.420456e-05 1.439214e-04 1.161957e-04 9.604670e-05 8.109755e-05 6.950336e-05 6.046570e-05 1.769154e-04 4.764045e-05 4.267039e-05 3.873950e-05 3.533288e-05 3.242317e-05 3.003524e-05 
3.010739e-05 1.975933e-06 6.852043e-06 9.336267e-06 1.166719e-05 1.417775e-05 1.719560e-05 1.311753e-04 1.054628e-04 8.682813e-05 7.302739e-05 6.238141e-05 5.412316e-05 4.764045e-05 1.400435e-04 3.759442e-05 3.415752e-05 3.107540e-05 2.844681e-05 2.633471e-05 
2.907816e-05 7.795222e-07 5.017741e-06 6.962319e-06 8.688768e-06 1.047475e-05 1.257034e-05 1.203898e-04 9.641516e-05 7.907581e-05 6.625046e-05 5.638413e-05 4.872983e-05 4.267039e-05 3.759442e-05 1.124941e-04 3.066515e-05 2.773567e-05 2.529992e-05 2.341473e-05 
2.799410e-05 5.109041e-08 3.699964e-06 5.260865e-06 6.571308e-06 7.873325e-06 9.371080e-06 1.112136e-04 8.876920e-05 7.256973e-05 6.060818e-05 5.143576e-05 4.433841e-05 3.873950e-05 3.415752e-05 3.066515e-05 9.115929e-05 2.475601e-05 2.255208e-05 2.092799e-05 
2.689448e-05 6.198047e-07 2.752345e-06 4.036740e-06 5.056692e-06 6.029611e-06 7.130445e-06 1.032686e-04 8.217295e-05 6.697204e-05 5.576275e-05 4.718597e-05 4.055799e-05 3.533288e-05 3.107540e-05 2.773567e-05 2.475601e-05 7.474537e-05 2.031646e-05 1.898086e-05 
2.581373e-05 1.012483e-06 2.056460e-06 3.135762e-06 3.946820e-06 4.688826e-06 5.516708e-06 9.633636e-05 7.644244e-05 6.212806e-05 5.158522e-05 4.353328e-05 3.731830e-05 3.242317e-05 2.844681e-05 2.529992e-05 2.255208e-05 2.031646e-05 6.187499e-05 1.764026e-05 
2.477997e-05 1.298118e-06 1.518521e-06 2.437932e-06 3.090766e-06 3.661863e-06 4.291420e-06 9.028044e-05 7.147244e-05 5.795974e-05 4.802210e-05 4.044916e-05 3.461650e-05 3.003524e-05 2.633471e-05 2.341473e-05 2.092799e-05 1.898086e-05 1.764026e-05 5.119677e-05 
