11.844648 2.725287 1.654328 1.210426 0.966492 0.810311 0.700557 0.056956 0.201958 0.272005 0.303696 0.315059 0.315438 0.309875 0.301171 0.290917 0.280027 0.269029 0.258223 0.247899 
2.725287 0.993540 0.289388 0.182685 0.134028 0.106708 0.089188 0.755257 0.445919 0.271687 0.168408 0.104668 0.064044 0.037475 0.019741 0.007717 0.000527 0.006218 0.010152 0.013031 
1.654328 0.289388 0.170475 0.056737 0.037341 0.027738 0.022129 1.149130 0.687204 0.433023 0.284097 0.192441 0.133744 0.094895 0.068461 0.050044 0.036948 0.027469 0.020503 0.015096 
1.210426 0.182685 0.056737 0.042003 0.015282 0.010478 0.007879 1.631768 0.944553 0.584179 0.379636 0.256471 0.178789 0.127916 0.093542 0.069692 0.052764 0.040507 0.031476 0.024453 
0.966492 0.134028 0.037341 0.015282 0.013010 0.005140 0.003597 2.387695 1.300746 0.775353 0.491902 0.326963 0.225432 0.160121 0.116585 0.086690 0.065638 0.050490 0.039381 0.030780 
0.810311 0.106708 0.027738 0.010478 0.005140 0.004586 0.001909 3.856456 1.872544 1.049210 0.640672 0.415076 0.281057 0.197019 0.142054 0.104859 0.078966 0.060503 0.047063 0.036730 
0.700557 0.089188 0.022129 0.007879 0.003597 0.001909 0.001824 8.200012 2.992304 1.493511 0.856717 0.533880 0.352114 0.242227 0.172222 0.125775 0.093930 0.071496 0.055324 0.042998 
0.056956 0.755257 1.149130 1.631768 2.387695 3.856456 8.200012 10.619185 2.698903 2.310900 2.013752 1.780273 1.592774 1.439349 1.311744 1.204092 1.112129 1.032692 0.963394 0.902904 
0.201958 0.445919 0.687204 0.944553 1.300746 1.872544 2.992304 2.698903 7.396915 1.907221 1.651264 1.451337 1.291705 1.161805 1.054343 0.964147 0.887471 0.821544 0.764284 0.714678 
0.272005 0.271687 0.433023 0.584179 0.775353 1.049210 1.493511 2.310900 1.907221 5.313574 1.386170 1.211666 1.073027 0.960760 0.868324 0.791094 0.725729 0.669766 0.621355 0.579762 
0.303696 0.168408 0.284097 0.379636 0.491902 0.640672 0.856717 2.013752 1.651264 1.386170 3.916804 1.031626 0.909286 0.810641 0.729760 0.662461 0.605726 0.557337 0.515634 0.480137 
0.315059 0.104668 0.192441 0.256471 0.326963 0.415076 0.533880 1.780273 1.451337 1.211666 1.031626 2.951317 0.783484 0.695632 0.623867 0.564370 0.514391 0.471913 0.435426 0.404706 
0.315438 0.064044 0.133744 0.178789 0.225432 0.281057 0.352114 1.592774 1.291705 1.073027 0.909286 0.783484 2.266321 0.605557 0.541141 0.487910 0.443338 0.405573 0.373234 0.346365 
0.309875 0.037475 0.094895 0.127916 0.160121 0.197019 0.242227 1.439349 1.161805 0.960760 0.810641 0.695632 0.605557 1.769254 0.475267 0.427163 0.387000 0.353066 0.324089 0.300420 
0.301171 0.019741 0.068461 0.093542 0.116585 0.142054 0.172222 1.311744 1.054343 0.868324 0.729760 0.623867 0.541141 0.475267 1.401388 0.378086 0.341577 0.310809 0.284602 0.263688 
0.290917 0.007717 0.050044 0.069692 0.086690 0.104859 0.125775 1.204092 0.964147 0.791094 0.662461 0.564370 0.487910 0.427163 0.378086 1.124372 0.304408 0.276295 0.252404 0.233992 
0.280027 0.000527 0.036948 0.052764 0.065638 0.078966 0.093930 1.112129 0.887471 0.725729 0.605726 0.514391 0.443338 0.387000 0.341577 0.304408 0.912529 0.247731 0.225801 0.209879 
0.269029 0.006218 0.027469 0.040507 0.050490 0.060503 0.071496 1.032692 0.821544 0.669766 0.557337 0.471913 0.405573 0.353066 0.310809 0.276295 0.247731 0.748274 0.203560 0.190637 
0.258223 0.010152 0.020503 0.031476 0.039381 0.047063 0.055324 0.963394 0.764284 0.621355 0.515634 0.435426 0.373234 0.324089 0.284602 0.252404 0.225801 0.203560 0.619324 0.177683 
0.247899 0.013031 0.015096 0.024453 0.030780 0.036730 0.042998 0.902904 0.714678 0.579762 0.480137 0.404706 0.346365 0.300420 0.263688 0.233992 0.209879 0.190637 0.177683 0.511801 
