1.416290e-03 2.992304e-04 1.834915e-04 1.347210e-04 1.077376e-04 9.046055e-05 7.828068e-05 6.920939e-05 1.231143e-05 2.339673e-05 2.905345e-05 3.173906e-05 3.275152e-05 3.282374e-05 3.234066e-05 3.155205e-05 3.060126e-05 2.957340e-05 2.851879e-05 2.737286e-05 
2.992304e-04 1.381932e-04 3.627445e-05 2.323920e-05 1.709354e-05 1.365385e-05 1.139280e-05 9.857827e-06 6.267063e-05 3.888966e-05 2.461637e-05 1.570389e-05 9.962625e-06 6.148664e-06 3.583315e-06 1.821937e-06 5.953593e-07 2.669230e-07 8.751082e-07 1.174539e-06 
1.834915e-04 3.627445e-05 2.629649e-05 7.906367e-06 5.196975e-06 3.908325e-06 3.079826e-06 2.607413e-06 9.449669e-05 6.017672e-05 3.985765e-05 2.723587e-05 1.908982e-05 1.363605e-05 9.912435e-06 7.300865e-06 5.429777e-06 4.065057e-06 3.055762e-06 2.462116e-06 
1.347210e-04 2.323920e-05 7.906367e-06 6.733316e-06 2.119682e-06 1.535654e-06 1.095403e-06 9.253682e-07 1.290987e-04 8.065326e-05 5.288516e-05 3.601735e-05 2.530032e-05 1.820499e-05 1.339593e-05 1.003865e-05 7.638825e-06 5.888875e-06 4.592402e-06 3.814243e-06 
1.077376e-04 1.709354e-05 5.196975e-06 2.119682e-06 2.312960e-06 8.924944e-07 5.042278e-07 4.528879e-07 1.770190e-04 1.065568e-04 6.819136e-05 4.568090e-05 3.172741e-05 2.265768e-05 1.659411e-05 1.240578e-05 9.436613e-06 7.285409e-06 5.699508e-06 4.744558e-06 
9.046055e-05 1.365385e-05 3.908325e-06 1.535654e-06 8.924944e-07 6.984474e-07 7.407974e-08 2.029425e-07 2.541145e-04 1.437675e-04 8.854667e-05 5.781484e-05 3.943649e-05 2.779643e-05 2.016168e-05 1.496538e-05 1.132422e-05 8.710558e-06 6.798073e-06 5.646748e-06 
7.828068e-05 1.139280e-05 3.079826e-06 1.095403e-06 5.042278e-07 7.407974e-08 5.775981e-07 3.481299e-07 4.050252e-04 2.040569e-04 1.180292e-04 7.410343e-05 4.921870e-05 3.403259e-05 2.433260e-05 1.786161e-05 1.339730e-05 1.023224e-05 7.939382e-06 6.562698e-06 
6.920939e-05 9.857827e-06 2.607413e-06 9.253682e-07 4.528879e-07 2.029425e-07 3.481299e-07 7.716047e-08 8.534989e-04 3.230063e-04 1.663592e-04 9.808567e-05 6.264554e-05 4.218225e-05 2.959165e-05 2.141711e-05 1.589155e-05 1.203564e-05 9.277085e-06 7.626359e-06 
1.231143e-05 6.267063e-05 9.449669e-05 1.290987e-04 1.770190e-04 2.541145e-04 4.050252e-04 8.534989e-04 1.115574e-03 2.501893e-04 2.174055e-04 1.916392e-04 1.709398e-04 1.541047e-04 1.400640e-04 1.282448e-04 1.181788e-04 1.095102e-04 1.019658e-04 9.491936e-05 
2.339673e-05 3.888966e-05 6.017672e-05 8.065326e-05 1.065568e-04 1.437675e-04 2.040569e-04 3.230063e-04 2.501893e-04 8.094447e-04 1.834829e-04 1.608984e-04 1.428306e-04 1.282425e-04 1.160998e-04 1.059244e-04 9.729784e-05 8.990072e-05 8.348733e-05 7.738803e-05 
2.905345e-05 2.461637e-05 3.985765e-05 5.288516e-05 6.819136e-05 8.854667e-05 1.180292e-04 1.663592e-04 2.174055e-04 1.834829e-04 6.019477e-04 1.376175e-04 1.215990e-04 1.087819e-04 9.810492e-05 8.919625e-05 8.167655e-05 7.525442e-05 6.970557e-05 6.429934e-05 
3.173906e-05 1.570389e-05 2.723587e-05 3.601735e-05 4.568090e-05 5.781484e-05 7.410343e-05 9.808567e-05 1.916392e-04 1.608984e-04 1.376175e-04 4.571520e-04 1.051385e-04 9.379506e-05 8.426670e-05 7.635483e-05 6.970634e-05 6.405010e-05 5.917817e-05 5.427766e-05 
3.275152e-05 9.962625e-06 1.908982e-05 2.530032e-05 3.172741e-05 3.943649e-05 4.921870e-05 6.264554e-05 1.709398e-04 1.428306e-04 1.215990e-04 1.051385e-04 3.536452e-04 8.218176e-05 7.346628e-05 6.632898e-05 6.037035e-05 5.532292e-05 5.098842e-05 4.644280e-05 
3.282374e-05 6.148664e-06 1.363605e-05 1.820499e-05 2.265768e-05 2.779643e-05 3.403259e-05 4.218225e-05 1.541047e-04 1.282425e-04 1.087819e-04 9.379506e-05 8.218176e-05 2.775862e-04 6.455468e-05 5.814711e-05 5.280145e-05 4.827934e-05 4.439982e-05 4.009226e-05 
3.234066e-05 3.583315e-06 9.912435e-06 1.339593e-05 1.659411e-05 2.016168e-05 2.433260e-05 2.959165e-05 1.400640e-04 1.160998e-04 9.810492e-05 8.426670e-05 7.346628e-05 6.455468e-05 2.211687e-04 5.161456e-05 4.676023e-05 4.266046e-05 3.914606e-05 3.493557e-05 
3.155205e-05 1.821937e-06 7.300865e-06 1.003865e-05 1.240578e-05 1.496538e-05 1.786161e-05 2.141711e-05 1.282448e-04 1.059244e-04 8.919625e-05 7.635483e-05 6.632898e-05 5.814711e-05 5.161456e-05 1.784171e-04 4.182289e-05 3.807347e-05 3.485955e-05 3.058056e-05 
3.060126e-05 5.953593e-07 5.429777e-06 7.638825e-06 9.436613e-06 1.132422e-05 1.339730e-05 1.589155e-05 1.181788e-04 9.729784e-05 8.167655e-05 6.970634e-05 6.037035e-05 5.280145e-05 4.676023e-05 4.182289e-05 1.454784e-04 3.426777e-05 3.130252e-05 2.669366e-05 
2.957340e-05 2.669230e-07 4.065057e-06 5.888875e-06 7.285409e-06 8.710558e-06 1.023224e-05 1.203564e-05 1.095102e-04 8.990072e-05 7.525442e-05 6.405010e-05 5.532292e-05 4.827934e-05 4.266046e-05 3.807347e-05 3.426777e-05 1.197410e-04 2.829756e-05 2.278399e-05 
2.851879e-05 8.751082e-07 3.055762e-06 4.592402e-06 5.699508e-06 6.798073e-06 7.939382e-06 9.277085e-06 1.019658e-04 8.348733e-05 6.970557e-05 5.917817e-05 5.098842e-05 4.439982e-05 3.914606e-05 3.485955e-05 3.130252e-05 2.829756e-05 9.941720e-05 1.711293e-05 
2.737286e-05 1.174539e-06 2.462116e-06 3.814243e-06 4.744558e-06 5.646748e-06 6.562698e-06 7.626359e-06 9.491936e-05 7.738803e-05 6.429934e-05 5.427766e-05 4.644280e-05 4.009226e-05 3.493557e-05 3.058056e-05 2.669366e-05 2.278399e-05 1.711293e-05 8.739784e-05 
