14.162898 2.992304 1.834915 1.347210 1.077376 0.904605 0.782807 0.692094 0.123114 0.233967 0.290534 0.317391 0.327515 0.328237 0.323407 0.315520 0.306013 0.295734 0.285188 0.273729 
2.992304 1.381932 0.362745 0.232392 0.170935 0.136539 0.113928 0.098578 0.626706 0.388897 0.246164 0.157039 0.099626 0.061487 0.035833 0.018219 0.005954 0.002669 0.008751 0.011745 
1.834915 0.362745 0.262965 0.079064 0.051970 0.039083 0.030798 0.026074 0.944967 0.601767 0.398577 0.272359 0.190898 0.136360 0.099124 0.073009 0.054298 0.040651 0.030558 0.024621 
1.347210 0.232392 0.079064 0.067333 0.021197 0.015357 0.010954 0.009254 1.290987 0.806533 0.528852 0.360174 0.253003 0.182050 0.133959 0.100386 0.076388 0.058889 0.045924 0.038142 
1.077376 0.170935 0.051970 0.021197 0.023130 0.008925 0.005042 0.004529 1.770190 1.065568 0.681914 0.456809 0.317274 0.226577 0.165941 0.124058 0.094366 0.072854 0.056995 0.047446 
0.904605 0.136539 0.039083 0.015357 0.008925 0.006984 0.000741 0.002029 2.541145 1.437675 0.885467 0.578148 0.394365 0.277964 0.201617 0.149654 0.113242 0.087106 0.067981 0.056467 
0.782807 0.113928 0.030798 0.010954 0.005042 0.000741 0.005776 0.003481 4.050252 2.040569 1.180292 0.741034 0.492187 0.340326 0.243326 0.178616 0.133973 0.102322 0.079394 0.065627 
0.692094 0.098578 0.026074 0.009254 0.004529 0.002029 0.003481 0.000772 8.534989 3.230063 1.663592 0.980857 0.626455 0.421822 0.295916 0.214171 0.158915 0.120356 0.092771 0.076264 
0.123114 0.626706 0.944967 1.290987 1.770190 2.541145 4.050252 8.534989 11.155744 2.501893 2.174055 1.916392 1.709398 1.541047 1.400640 1.282448 1.181788 1.095102 1.019658 0.949194 
0.233967 0.388897 0.601767 0.806533 1.065568 1.437675 2.040569 3.230063 2.501893 8.094447 1.834829 1.608984 1.428306 1.282425 1.160998 1.059244 0.972978 0.899007 0.834873 0.773880 
0.290534 0.246164 0.398577 0.528852 0.681914 0.885467 1.180292 1.663592 2.174055 1.834829 6.019477 1.376175 1.215990 1.087819 0.981049 0.891962 0.816765 0.752544 0.697056 0.642993 
0.317391 0.157039 0.272359 0.360174 0.456809 0.578148 0.741034 0.980857 1.916392 1.608984 1.376175 4.571520 1.051385 0.937951 0.842667 0.763548 0.697063 0.640501 0.591782 0.542777 
0.327515 0.099626 0.190898 0.253003 0.317274 0.394365 0.492187 0.626455 1.709398 1.428306 1.215990 1.051385 3.536452 0.821818 0.734663 0.663290 0.603703 0.553229 0.509884 0.464428 
0.328237 0.061487 0.136360 0.182050 0.226577 0.277964 0.340326 0.421822 1.541047 1.282425 1.087819 0.937951 0.821818 2.775862 0.645547 0.581471 0.528015 0.482793 0.443998 0.400923 
0.323407 0.035833 0.099124 0.133959 0.165941 0.201617 0.243326 0.295916 1.400640 1.160998 0.981049 0.842667 0.734663 0.645547 2.211687 0.516146 0.467602 0.426605 0.391461 0.349356 
0.315520 0.018219 0.073009 0.100386 0.124058 0.149654 0.178616 0.214171 1.282448 1.059244 0.891962 0.763548 0.663290 0.581471 0.516146 1.784171 0.418229 0.380735 0.348595 0.305806 
0.306013 0.005954 0.054298 0.076388 0.094366 0.113242 0.133973 0.158915 1.181788 0.972978 0.816765 0.697063 0.603703 0.528015 0.467602 0.418229 1.454784 0.342678 0.313025 0.266937 
0.295734 0.002669 0.040651 0.058889 0.072854 0.087106 0.102322 0.120356 1.095102 0.899007 0.752544 0.640501 0.553229 0.482793 0.426605 0.380735 0.342678 1.197410 0.282976 0.227840 
0.285188 0.008751 0.030558 0.045924 0.056995 0.067981 0.079394 0.092771 1.019658 0.834873 0.697056 0.591782 0.509884 0.443998 0.391461 0.348595 0.313025 0.282976 0.994172 0.171129 
0.273729 0.011745 0.024621 0.038142 0.047446 0.056467 0.065627 0.076264 0.949194 0.773880 0.642993 0.542777 0.464428 0.400923 0.349356 0.305806 0.266937 0.227840 0.171129 0.873978 
