16.061547 3.147612 1.949683 1.435507 1.150189 0.966709 0.837795 0.741262 0.001360 0.158354 0.245728 0.292705 0.316260 0.325897 0.327205 0.323483 0.316847 0.308490 0.299248 0.300498 
3.147612 1.786051 0.428929 0.276739 0.205078 0.163839 0.137474 0.118792 0.838272 0.529096 0.341469 0.222861 0.145504 0.093811 0.058531 0.034084 0.016827 0.004575 0.004233 0.025116 
1.949683 0.428929 0.368370 0.098080 0.066621 0.049904 0.040364 0.033840 1.239087 0.797035 0.532894 0.367161 0.259171 0.186650 0.136632 0.101399 0.075980 0.057395 0.043540 0.015028 
1.435507 0.276739 0.098080 0.106664 0.031084 0.021445 0.016813 0.013579 1.682166 1.060631 0.701307 0.480984 0.339750 0.245999 0.181860 0.136917 0.104592 0.080981 0.063368 0.028339 
1.150189 0.205078 0.066621 0.031084 0.036431 0.010771 0.008626 0.006664 2.299033 1.396554 0.901186 0.607938 0.424610 0.305144 0.224549 0.168676 0.128828 0.099908 0.078444 0.036675 
0.966709 0.163839 0.049904 0.021445 0.010771 0.015214 0.006331 0.004378 3.290933 1.878414 1.166288 0.766669 0.525766 0.372822 0.271635 0.202529 0.153825 0.118810 0.093023 0.043887 
0.837795 0.137474 0.040364 0.016813 0.008626 0.006331 0.004150 0.002265 5.237730 2.662336 1.552568 0.981556 0.655612 0.456228 0.327802 0.241832 0.182182 0.139820 0.108932 0.051479 
0.741262 0.118792 0.033840 0.013579 0.006664 0.004378 0.002265 0.000585 11.018658 4.205791 2.183348 1.295951 0.832146 0.563749 0.397308 0.288897 0.215219 0.163724 0.126655 0.059615 
0.001360 0.838272 1.239087 1.682166 2.299033 3.290933 5.237730 11.018658 15.813622 3.138658 2.735997 2.419144 2.163717 1.953761 1.778690 1.630611 1.504263 1.395044 1.299918 1.261966 
0.158354 0.529096 0.797035 1.060631 1.396554 1.878414 2.662336 4.205791 3.138658 11.580843 2.319674 2.041845 1.818496 1.635449 1.483405 1.355254 1.246423 1.152679 1.071368 1.052947 
0.245728 0.341469 0.532894 0.701307 0.901186 1.166288 1.552568 2.183348 2.735997 2.319674 8.684575 1.755750 1.557150 1.394826 1.260542 1.147729 1.052394 0.970540 0.899831 0.899417 
0.292705 0.222861 0.367161 0.480984 0.607938 0.766669 0.981556 1.295951 2.419144 2.041845 1.755750 6.641883 1.353293 1.207452 1.087366 0.986762 0.902194 0.829779 0.767472 0.784994 
0.316260 0.145504 0.259171 0.339750 0.424610 0.525766 0.655612 0.832146 2.163717 1.818496 1.557150 1.353293 5.166710 1.058140 0.949837 0.859203 0.783474 0.718738 0.663253 0.700041 
0.325897 0.093811 0.186650 0.245999 0.305144 0.372822 0.456228 0.563749 1.953761 1.635449 1.394826 1.207452 1.058140 4.080845 0.839239 0.756682 0.688334 0.629911 0.580038 0.639162 
0.327205 0.058531 0.136632 0.181860 0.224549 0.271635 0.327802 0.397308 1.778690 1.483405 1.260542 1.087366 0.949837 0.839239 3.266707 0.672544 0.610825 0.557708 0.512552 0.599880 
0.323483 0.034084 0.101399 0.136917 0.168676 0.202529 0.241832 0.288897 1.630611 1.355254 1.147729 0.986762 0.859203 0.756682 0.672544 2.647644 0.548105 0.498934 0.457618 0.584127 
0.316847 0.016827 0.075980 0.104592 0.128828 0.153825 0.182182 0.215219 1.504263 1.246423 1.052394 0.902194 0.783474 0.688334 0.610825 0.548105 2.167455 0.449029 0.411420 0.600236 
0.308490 0.004575 0.057395 0.080981 0.099908 0.118810 0.139820 0.163724 1.395044 1.152679 0.970540 0.829779 0.718738 0.629911 0.557708 0.498934 0.449029 1.791877 0.373349 0.682521 
0.299248 0.004233 0.043540 0.063368 0.078444 0.093023 0.108932 0.126655 1.299918 1.071368 0.899831 0.767472 0.663253 0.580038 0.512552 0.457618 0.411420 0.373349 1.493026 1.004955 
0.300498 0.025116 0.015028 0.028339 0.036675 0.043887 0.051479 0.059615 1.261966 1.052947 0.899417 0.784994 0.700041 0.639162 0.599880 0.584127 0.600236 0.682521 1.004955 0.750829 
