1.606155e-03 3.147612e-04 1.949683e-04 1.435507e-04 1.150189e-04 9.667085e-05 8.377946e-05 7.412617e-05 1.360089e-07 1.583538e-05 2.457282e-05 2.927049e-05 3.162605e-05 3.258970e-05 3.272051e-05 3.234832e-05 3.168472e-05 3.084904e-05 2.992476e-05 3.004976e-05 
3.147612e-04 1.786051e-04 4.289294e-05 2.767385e-05 2.050783e-05 1.638392e-05 1.374745e-05 1.187919e-05 8.382719e-05 5.290956e-05 3.414687e-05 2.228606e-05 1.455037e-05 9.381130e-06 5.853114e-06 3.408407e-06 1.682726e-06 4.575053e-07 4.233185e-07 2.511631e-06 
1.949683e-04 4.289294e-05 3.683696e-05 9.807957e-06 6.662128e-06 4.990372e-06 4.036389e-06 3.383996e-06 1.239087e-04 7.970349e-05 5.328938e-05 3.671614e-05 2.591709e-05 1.866496e-05 1.366318e-05 1.013994e-05 7.597999e-06 5.739505e-06 4.354045e-06 1.502808e-06 
1.435507e-04 2.767385e-05 9.807957e-06 1.066640e-05 3.108419e-06 2.144489e-06 1.681300e-06 1.357945e-06 1.682166e-04 1.060631e-04 7.013074e-05 4.809839e-05 3.397505e-05 2.459991e-05 1.818599e-05 1.369168e-05 1.045921e-05 8.098105e-06 6.336795e-06 2.833917e-06 
1.150189e-04 2.050783e-05 6.662128e-06 3.108419e-06 3.643064e-06 1.077139e-06 8.626267e-07 6.664248e-07 2.299033e-04 1.396554e-04 9.011857e-05 6.079379e-05 4.246103e-05 3.051442e-05 2.245486e-05 1.686762e-05 1.288279e-05 9.990834e-06 7.844410e-06 3.667495e-06 
9.667085e-05 1.638392e-05 4.990372e-06 2.144489e-06 1.077139e-06 1.521352e-06 6.330633e-07 4.378458e-07 3.290933e-04 1.878414e-04 1.166288e-04 7.666694e-05 5.257655e-05 3.728223e-05 2.716349e-05 2.025290e-05 1.538251e-05 1.188103e-05 9.302261e-06 4.388701e-06 
8.377946e-05 1.374745e-05 4.036389e-06 1.681300e-06 8.626267e-07 6.330633e-07 4.150146e-07 2.264788e-07 5.237730e-04 2.662336e-04 1.552568e-04 9.815559e-05 6.556123e-05 4.562283e-05 3.278020e-05 2.418323e-05 1.821822e-05 1.398203e-05 1.089319e-05 5.147881e-06 
7.412617e-05 1.187919e-05 3.383996e-06 1.357945e-06 6.664248e-07 4.378458e-07 2.264788e-07 5.849518e-08 1.101866e-03 4.205791e-04 2.183348e-04 1.295951e-04 8.321457e-05 5.637491e-05 3.973081e-05 2.888966e-05 2.152185e-05 1.637239e-05 1.266548e-05 5.961530e-06 
1.360089e-07 8.382719e-05 1.239087e-04 1.682166e-04 2.299033e-04 3.290933e-04 5.237730e-04 1.101866e-03 1.581362e-03 3.138658e-04 2.735997e-04 2.419144e-04 2.163717e-04 1.953761e-04 1.778690e-04 1.630611e-04 1.504263e-04 1.395044e-04 1.299918e-04 1.261966e-04 
1.583538e-05 5.290956e-05 7.970349e-05 1.060631e-04 1.396554e-04 1.878414e-04 2.662336e-04 4.205791e-04 3.138658e-04 1.158084e-03 2.319674e-04 2.041845e-04 1.818496e-04 1.635449e-04 1.483405e-04 1.355254e-04 1.246423e-04 1.152679e-04 1.071368e-04 1.052947e-04 
2.457282e-05 3.414687e-05 5.328938e-05 7.013074e-05 9.011857e-05 1.166288e-04 1.552568e-04 2.183348e-04 2.735997e-04 2.319674e-04 8.684575e-04 1.755750e-04 1.557150e-04 1.394826e-04 1.260542e-04 1.147729e-04 1.052394e-04 9.705400e-05 8.998314e-05 8.994166e-05 
2.927049e-05 2.228606e-05 3.671614e-05 4.809839e-05 6.079379e-05 7.666694e-05 9.815559e-05 1.295951e-04 2.419144e-04 2.041845e-04 1.755750e-04 6.641883e-04 1.353293e-04 1.207452e-04 1.087366e-04 9.867616e-05 9.021939e-05 8.297786e-05 7.674725e-05 7.849941e-05 
3.162605e-05 1.455037e-05 2.591709e-05 3.397505e-05 4.246103e-05 5.257655e-05 6.556123e-05 8.321457e-05 2.163717e-04 1.818496e-04 1.557150e-04 1.353293e-04 5.166710e-04 1.058140e-04 9.498369e-05 8.592033e-05 7.834741e-05 7.187377e-05 6.632534e-05 7.000410e-05 
3.258970e-05 9.381130e-06 1.866496e-05 2.459991e-05 3.051442e-05 3.728223e-05 4.562283e-05 5.637491e-05 1.953761e-04 1.635449e-04 1.394826e-04 1.207452e-04 1.058140e-04 4.080845e-04 8.392392e-05 7.566818e-05 6.883339e-05 6.299109e-05 5.800376e-05 6.391620e-05 
3.272051e-05 5.853114e-06 1.366318e-05 1.818599e-05 2.245486e-05 2.716349e-05 3.278020e-05 3.973081e-05 1.778690e-04 1.483405e-04 1.260542e-04 1.087366e-04 9.498369e-05 8.392392e-05 3.266707e-04 6.725437e-05 6.108251e-05 5.577083e-05 5.125524e-05 5.998798e-05 
3.234832e-05 3.408407e-06 1.013994e-05 1.369168e-05 1.686762e-05 2.025290e-05 2.418323e-05 2.888966e-05 1.630611e-04 1.355254e-04 1.147729e-04 9.867616e-05 8.592033e-05 7.566818e-05 6.725437e-05 2.647644e-04 5.481050e-05 4.989342e-05 4.576177e-05 5.841270e-05 
3.168472e-05 1.682726e-06 7.597999e-06 1.045921e-05 1.288279e-05 1.538251e-05 1.821822e-05 2.152185e-05 1.504263e-04 1.246423e-04 1.052394e-04 9.021939e-05 7.834741e-05 6.883339e-05 6.108251e-05 5.481050e-05 2.167455e-04 4.490287e-05 4.114201e-05 6.002356e-05 
3.084904e-05 4.575053e-07 5.739505e-06 8.098105e-06 9.990834e-06 1.188103e-05 1.398203e-05 1.637239e-05 1.395044e-04 1.152679e-04 9.705400e-05 8.297786e-05 7.187377e-05 6.299109e-05 5.577083e-05 4.989342e-05 4.490287e-05 1.791877e-04 3.733492e-05 6.825212e-05 
2.992476e-05 4.233185e-07 4.354045e-06 6.336795e-06 7.844410e-06 9.302261e-06 1.089319e-05 1.266548e-05 1.299918e-04 1.071368e-04 8.998314e-05 7.674725e-05 6.632534e-05 5.800376e-05 5.125524e-05 4.576177e-05 4.114201e-05 3.733492e-05 1.493026e-04 1.004955e-04 
3.004976e-05 2.511631e-06 1.502808e-06 2.833917e-06 3.667495e-06 4.388701e-06 5.147881e-06 5.961530e-06 1.261966e-04 1.052947e-04 8.994166e-05 7.849941e-05 7.000410e-05 6.391620e-05 5.998798e-05 5.841270e-05 6.002356e-05 6.825212e-05 1.004955e-04 7.508287e-05 
