17.434252 3.192823 1.996886 1.475555 1.184026 0.996242 0.863990 0.765052 0.687757 0.045273 0.169253 0.240598 0.280793 0.302080 0.311678 0.313970 0.311679 0.306530 0.299516 
3.192823 2.177067 0.481460 0.315024 0.234263 0.187576 0.157274 0.135979 0.120109 0.691979 0.454140 0.302436 0.202607 0.135212 0.088742 0.056140 0.032941 0.016248 0.004288 
1.996886 0.481460 0.487591 0.120199 0.081818 0.061637 0.049526 0.041549 0.035889 1.016830 0.685363 0.475919 0.338542 0.245612 0.181093 0.135294 0.102153 0.077769 0.059753 
1.475555 0.315024 0.120199 0.145242 0.038512 0.027111 0.020722 0.016771 0.014093 1.345353 0.896133 0.618873 0.440044 0.320526 0.238257 0.180198 0.138337 0.107586 0.084851 
1.184026 0.234263 0.081818 0.038512 0.051958 0.014529 0.010523 0.008190 0.006664 1.765035 1.147046 0.778939 0.547466 0.395646 0.292624 0.220717 0.169316 0.131810 0.104217 
0.996242 0.187576 0.061637 0.027111 0.014529 0.021179 0.006168 0.004629 0.003632 2.368159 1.480606 0.979649 0.675980 0.481992 0.352929 0.264206 0.201537 0.156248 0.123177 
0.863990 0.157274 0.049526 0.020722 0.010523 0.006168 0.009530 0.002976 0.002228 3.349101 1.966242 1.250942 0.840529 0.588007 0.424490 0.314344 0.237762 0.183103 0.143581 
0.765052 0.135979 0.041549 0.016771 0.008190 0.004629 0.002976 0.004448 0.001430 5.282698 2.760536 1.648724 1.064882 0.725182 0.513465 0.374741 0.280275 0.213934 0.166563 
0.687757 0.120109 0.035889 0.014093 0.006664 0.003632 0.002228 0.001430 0.002214 11.039213 4.330347 2.301548 1.395205 0.913126 0.629242 0.450322 0.331866 0.250423 0.193200 
0.045273 0.691979 1.016830 1.345353 1.765035 2.368159 3.349101 5.282698 11.039213 15.792204 2.839596 2.505264 2.235526 2.014187 1.829849 1.674302 1.541511 1.426961 1.326654 
0.169253 0.454140 0.685363 0.896133 1.147046 1.480606 1.966242 2.760536 4.330347 2.839596 11.926766 2.161185 1.920795 1.724250 1.561142 1.423986 1.307292 1.206957 1.119209 
0.240598 0.302436 0.475919 0.618873 0.778939 0.979649 1.250942 1.648724 2.301548 2.505264 2.161185 9.181531 1.674186 1.497629 1.351572 1.229135 1.125283 1.036256 0.958424 
0.280793 0.202607 0.338542 0.440044 0.547466 0.675980 0.840529 1.064882 1.395205 2.235526 1.920795 1.674186 7.186396 1.317012 1.184913 1.074487 0.981079 0.901222 0.831348 
0.302080 0.135212 0.245612 0.320526 0.395646 0.481992 0.588007 0.725182 0.913126 2.014187 1.724250 1.497629 1.317012 5.707107 1.050112 0.949649 0.864880 0.792586 0.729167 
0.311678 0.088742 0.181093 0.238257 0.292624 0.352929 0.424490 0.513465 0.629242 1.829849 1.561142 1.351572 1.184913 1.050112 4.590880 0.847363 0.769844 0.703879 0.645703 
0.313970 0.056140 0.135294 0.180198 0.220717 0.264206 0.314344 0.374741 0.450322 1.674302 1.423986 1.229135 1.074487 0.949649 0.847363 3.735432 0.691079 0.630481 0.576469 
0.311679 0.032941 0.102153 0.138337 0.169316 0.201537 0.237762 0.280275 0.331866 1.541511 1.307292 1.125283 0.981079 0.864880 0.769844 0.691079 3.070698 0.569026 0.517952 
0.306530 0.016248 0.077769 0.107586 0.131810 0.156248 0.183103 0.213934 0.250423 1.426961 1.206957 1.036256 0.901222 0.792586 0.703879 0.630481 0.569026 2.547706 0.466155 
0.299516 0.004288 0.059753 0.084851 0.104217 0.123177 0.143581 0.166563 0.193200 1.326654 1.119209 0.958424 0.831348 0.729167 0.645703 0.576469 0.517952 0.466155 2.136957 
