1.742956e-03 3.192402e-04 1.996395e-04 1.475227e-04 1.183879e-04 9.960231e-05 8.638158e-05 7.648028e-05 6.875339e-05 4.507788e-06 1.690986e-05 2.404979e-05 2.806244e-05 3.019606e-05 3.115374e-05 3.138668e-05 3.115997e-05 3.064593e-05 2.994065e-05 
3.192402e-04 2.174390e-04 4.808453e-05 3.147404e-05 2.342466e-05 1.874181e-05 1.571659e-05 1.357505e-05 1.199076e-05 6.921481e-05 4.542603e-05 3.024879e-05 2.027571e-05 1.353001e-05 8.886324e-06 5.621437e-06 3.298678e-06 1.628481e-06 4.378992e-07 
1.996395e-04 4.808453e-05 4.870699e-05 1.203124e-05 8.219363e-06 6.168204e-06 4.959412e-06 4.142012e-06 3.577873e-06 1.016912e-04 6.853926e-05 4.758712e-05 3.386287e-05 2.456274e-05 1.811554e-05 1.353033e-05 1.021321e-05 7.774159e-06 5.979592e-06 
1.475227e-04 3.147404e-05 1.203124e-05 1.444004e-05 3.920371e-06 2.711459e-06 2.077247e-06 1.655421e-06 1.391480e-06 1.345486e-04 8.961951e-05 6.188348e-05 4.401700e-05 3.205623e-05 2.383497e-05 1.802252e-05 1.383257e-05 1.075666e-05 8.491568e-06 
1.183879e-04 2.342466e-05 8.219363e-06 3.920371e-06 4.945237e-06 1.374709e-06 1.019116e-06 7.590134e-07 6.199143e-07 1.765393e-04 1.147283e-04 7.790306e-05 5.477452e-05 3.958022e-05 2.928381e-05 2.208442e-05 1.693900e-05 1.318684e-05 1.043692e-05 
9.960231e-05 1.874181e-05 6.168204e-06 2.711459e-06 1.374709e-06 2.032783e-06 6.335495e-07 4.124050e-07 3.284100e-07 2.368394e-04 1.480708e-04 9.795912e-05 6.761722e-05 4.820473e-05 3.530641e-05 2.642450e-05 2.015227e-05 1.562210e-05 1.232660e-05 
8.638158e-05 1.571659e-05 4.959412e-06 2.077247e-06 1.019116e-06 6.335495e-07 8.367553e-07 1.724661e-07 1.580231e-07 3.349500e-04 1.966429e-04 1.250910e-04 8.408030e-05 5.881056e-05 4.246794e-05 3.144162e-05 2.377672e-05 1.830931e-05 1.437042e-05 
7.648028e-05 1.357505e-05 4.142012e-06 1.655421e-06 7.590134e-07 4.124050e-07 1.724661e-07 5.407360e-07 1.435295e-07 5.282618e-04 2.760313e-04 1.648308e-04 1.064922e-04 7.250410e-05 5.134651e-05 3.746230e-05 2.800982e-05 2.137551e-05 1.665514e-05 
6.875339e-05 1.199076e-05 3.577873e-06 1.391480e-06 6.199143e-07 3.284100e-07 1.580231e-07 1.435295e-07 3.160227e-07 1.103905e-03 4.330000e-04 2.300969e-04 1.395259e-04 9.129499e-05 6.292433e-05 4.501818e-05 3.316574e-05 2.502148e-05 1.931878e-05 
4.507788e-06 6.921481e-05 1.016912e-04 1.345486e-04 1.765393e-04 2.368394e-04 3.349500e-04 5.282618e-04 1.103905e-03 1.579293e-03 2.840145e-04 2.506077e-04 2.235390e-04 2.014369e-04 1.829809e-04 1.674440e-04 1.541732e-04 1.427181e-04 1.326646e-04 
1.690986e-05 4.542603e-05 6.853926e-05 8.961951e-05 1.147283e-04 1.480708e-04 1.966429e-04 2.760313e-04 4.330000e-04 2.840145e-04 1.192675e-03 2.162286e-04 1.920282e-04 1.724297e-04 1.560932e-04 1.424030e-04 1.307450e-04 1.207124e-04 1.119116e-04 
2.404979e-05 3.024879e-05 4.758712e-05 6.188348e-05 7.790306e-05 9.795912e-05 1.250910e-04 1.648308e-04 2.300969e-04 2.506077e-04 2.162286e-04 9.180152e-04 1.671958e-04 1.497102e-04 1.350874e-04 1.228880e-04 1.125225e-04 1.036242e-04 9.581246e-05 
2.806244e-05 2.027571e-05 3.386287e-05 4.401700e-05 5.477452e-05 6.761722e-05 8.408030e-05 1.064922e-04 1.395259e-04 2.235390e-04 1.920282e-04 1.671958e-04 7.187614e-04 1.318281e-04 1.185039e-04 1.074956e-04 9.816322e-05 9.017152e-05 8.314192e-05 
3.019606e-05 1.353001e-05 2.456274e-05 3.205623e-05 3.958022e-05 4.820473e-05 5.881056e-05 7.250410e-05 9.129499e-05 2.014369e-04 1.724297e-04 1.497102e-04 1.318281e-04 5.706933e-04 1.049035e-04 9.496908e-05 8.651757e-05 7.928671e-05 7.289672e-05 
3.115374e-05 8.886324e-06 1.811554e-05 2.383497e-05 2.928381e-05 3.530641e-05 4.246794e-05 5.134651e-05 6.292433e-05 1.829809e-04 1.560932e-04 1.350874e-04 1.185039e-04 1.049035e-04 4.591813e-04 8.485769e-05 7.708749e-05 7.046554e-05 6.457444e-05 
3.138668e-05 5.621437e-06 1.353033e-05 1.802252e-05 2.208442e-05 2.642450e-05 3.144162e-05 3.746230e-05 4.501818e-05 1.674440e-04 1.424030e-04 1.228880e-04 1.074956e-04 9.496908e-05 8.485769e-05 3.735177e-04 6.919223e-05 6.310274e-05 5.760872e-05 
3.115997e-05 3.298678e-06 1.021321e-05 1.383257e-05 1.693900e-05 2.015227e-05 2.377672e-05 2.800982e-05 3.316574e-05 1.541732e-04 1.307450e-04 1.125225e-04 9.816322e-05 8.651757e-05 7.708749e-05 6.919223e-05 3.069670e-04 5.692643e-05 5.169187e-05 
3.064593e-05 1.628481e-06 7.774159e-06 1.075666e-05 1.318684e-05 1.562210e-05 1.830931e-05 2.137551e-05 2.502148e-05 1.427181e-04 1.207124e-04 1.036242e-04 9.017152e-05 7.928671e-05 7.046554e-05 6.310274e-05 5.692643e-05 2.546477e-04 4.637959e-05 
2.994065e-05 4.378992e-07 5.979592e-06 8.491568e-06 1.043692e-05 1.232660e-05 1.437042e-05 1.665514e-05 1.931878e-05 1.326646e-04 1.119116e-04 9.581246e-05 8.314192e-05 7.289672e-05 6.457444e-05 5.760872e-05 5.169187e-05 4.637959e-05 2.137709e-04 
