17.429556 3.192402 1.996395 1.475227 1.183879 0.996023 0.863816 0.764803 0.687534 0.045078 0.169099 0.240498 0.280624 0.301961 0.311537 0.313867 0.311600 0.306459 0.299406 
3.192402 2.174390 0.480845 0.314740 0.234247 0.187418 0.157166 0.135750 0.119908 0.692148 0.454260 0.302488 0.202757 0.135300 0.088863 0.056214 0.032987 0.016285 0.004379 
1.996395 0.480845 0.487070 0.120312 0.082194 0.061682 0.049594 0.041420 0.035779 1.016912 0.685393 0.475871 0.338629 0.245627 0.181155 0.135303 0.102132 0.077742 0.059796 
1.475227 0.314740 0.120312 0.144400 0.039204 0.027115 0.020772 0.016554 0.013915 1.345486 0.896195 0.618835 0.440170 0.320562 0.238350 0.180225 0.138326 0.107567 0.084916 
1.183879 0.234247 0.082194 0.039204 0.049452 0.013747 0.010191 0.007590 0.006199 1.765393 1.147283 0.779031 0.547745 0.395802 0.292838 0.220844 0.169390 0.131868 0.104369 
0.996023 0.187418 0.061682 0.027115 0.013747 0.020328 0.006335 0.004124 0.003284 2.368394 1.480708 0.979591 0.676172 0.482047 0.353064 0.264245 0.201523 0.156221 0.123266 
0.863816 0.157166 0.049594 0.020772 0.010191 0.006335 0.008368 0.001725 0.001580 3.349500 1.966429 1.250910 0.840803 0.588106 0.424679 0.314416 0.237767 0.183093 0.143704 
0.764803 0.135750 0.041420 0.016554 0.007590 0.004124 0.001725 0.005407 0.001435 5.282618 2.760313 1.648308 1.064922 0.725041 0.513465 0.374623 0.280098 0.213755 0.166551 
0.687534 0.119908 0.035779 0.013915 0.006199 0.003284 0.001580 0.001435 0.003160 11.039052 4.330000 2.300969 1.395259 0.912950 0.629243 0.450182 0.331657 0.250215 0.193188 
0.045078 0.692148 1.016912 1.345486 1.765393 2.368394 3.349500 5.282618 11.039052 15.792930 2.840145 2.506077 2.235390 2.014369 1.829809 1.674440 1.541732 1.427181 1.326646 
0.169099 0.454260 0.685393 0.896195 1.147283 1.480708 1.966429 2.760313 4.330000 2.840145 11.926755 2.162286 1.920282 1.724297 1.560932 1.424030 1.307450 1.207124 1.119116 
0.240498 0.302488 0.475871 0.618835 0.779031 0.979591 1.250910 1.648308 2.300969 2.506077 2.162286 9.180152 1.671958 1.497102 1.350874 1.228880 1.125225 1.036242 0.958125 
0.280624 0.202757 0.338629 0.440170 0.547745 0.676172 0.840803 1.064922 1.395259 2.235390 1.920282 1.671958 7.187614 1.318281 1.185039 1.074956 0.981632 0.901715 0.831419 
0.301961 0.135300 0.245627 0.320562 0.395802 0.482047 0.588106 0.725041 0.912950 2.014369 1.724297 1.497102 1.318281 5.706933 1.049035 0.949691 0.865176 0.792867 0.728967 
0.311537 0.088863 0.181155 0.238350 0.292838 0.353064 0.424679 0.513465 0.629243 1.829809 1.560932 1.350874 1.185039 1.049035 4.591813 0.848577 0.770875 0.704655 0.645744 
0.313867 0.056214 0.135303 0.180225 0.220844 0.264245 0.314416 0.374623 0.450182 1.674440 1.424030 1.228880 1.074956 0.949691 0.848577 3.735177 0.691922 0.631027 0.576087 
0.311600 0.032987 0.102132 0.138326 0.169390 0.201523 0.237767 0.280098 0.331657 1.541732 1.307450 1.125225 0.981632 0.865176 0.770875 0.691922 3.069670 0.569264 0.516919 
0.306459 0.016285 0.077742 0.107567 0.131868 0.156221 0.183093 0.213755 0.250215 1.427181 1.207124 1.036242 0.901715 0.792867 0.704655 0.631027 0.569264 2.546477 0.463796 
0.299406 0.004379 0.059796 0.084916 0.104369 0.123266 0.143704 0.166551 0.193188 1.326646 1.119116 0.958125 0.831419 0.728967 0.645744 0.576087 0.516919 0.463796 2.137709 
