2.171092e+00 2.490660e-06 2.401042e-05 2.623177e-09 3.716757e-07 1.370046e-06 -1.262856e-05 -4.624097e-08 3.675380e-07 -5.847075e-07 -3.529538e-05 5.799235e-15 
2.490660e-06 6.627410e-02 -9.512114e-05 -3.380721e-07 -4.165991e-08 -1.197078e-08 5.709641e-09 8.487400e-09 -4.037402e-09 0.000000e+00 7.396503e-05 -8.738734e-08 
2.401042e-05 -9.512114e-05 2.985034e-05 -5.651306e-06 -2.733205e-05 -1.848564e-05 2.568550e-06 8.109532e-06 1.113881e-05 1.509273e-05 1.491366e-05 6.308346e-07 
2.623177e-09 -3.380721e-07 -5.651306e-06 -4.990270e+00 -2.617515e-07 0.000000e+00 -1.628421e-05 4.589004e-06 4.072501e-05 4.989854e-06 3.457096e-06 -5.227011e-10 
3.716757e-07 -4.165991e-08 -2.733205e-05 -2.617515e-07 2.585519e-05 1.784945e-05 4.792537e-06 -7.909696e-06 -1.103170e-05 -1.499498e-05 -1.480565e-05 -9.965975e-06 
1.370046e-06 -1.197078e-08 -1.848564e-05 0.000000e+00 1.784945e-05 1.250970e-05 6.390790e-06 -5.585962e-06 -7.880030e-06 -1.073938e-05 -1.055114e-05 2.275323e-05 
-1.262856e-05 5.709641e-09 2.568550e-06 -1.628421e-05 4.792537e-06 6.390790e-06 2.579297e-03 -7.885359e-07 -5.616287e-06 -6.451444e-06 4.598789e-07 1.407759e-06 
-4.624097e-08 8.487400e-09 8.109532e-06 4.589004e-06 -7.909696e-06 -5.585962e-06 -7.885359e-07 2.507199e-06 3.554897e-06 4.854128e-06 4.764968e-06 3.767111e-07 
3.675380e-07 -4.037402e-09 1.113881e-05 4.072501e-05 -1.103170e-05 -7.880030e-06 -5.616287e-06 3.554897e-06 5.091653e-06 6.968928e-06 6.813787e-06 -6.508121e-06 
-5.847075e-07 0.000000e+00 1.509273e-05 4.989854e-06 -1.499498e-05 -1.073938e-05 -6.451444e-06 4.854128e-06 6.968928e-06 9.547230e-06 9.334720e-06 -1.131254e-06 
-3.529538e-05 7.396503e-05 1.491366e-05 3.457096e-06 -1.480565e-05 -1.055114e-05 4.598789e-07 4.764968e-06 6.813787e-06 9.334720e-06 9.240600e-06 -5.766671e-07 
5.799235e-15 -8.738734e-08 6.308346e-07 -5.227011e-10 -9.965975e-06 2.275323e-05 1.407759e-06 3.767111e-07 -6.508121e-06 -1.131254e-06 -5.766671e-07 1.773695e+02 
