5.692158e+06 -7.681407e-07 1.398452e-20 -1.134597e-07 -9.707378e-12 -2.561127e-09 -6.187778e-17 1.602000e-17 3.743939e-13 -9.853296e-06 -3.665204e-09 -9.084245e-07 9.646719e-07 2.277480e-08 1.179404e-20 -1.103317e-09 -7.922865e-11 8.254959e-13 -5.276156e-14 2.055233e-14 -8.827109e-16 3.227350e-26 3.154873e-15 
-7.681407e-07 -4.037332e+07 5.879593e-17 4.050513e-11 6.633418e-05 5.353476e-11 8.961494e-14 0.000000e+00 2.513101e-08 -3.157120e-15 -1.345857e-08 2.343609e-10 2.335985e-11 1.516696e-06 8.251521e-10 -2.180114e-13 4.997863e-11 7.407516e-09 8.356843e-14 2.017316e-20 7.092179e-17 4.373727e-12 1.146925e-06 
1.398452e-20 5.879593e-17 1.841223e+07 -1.766178e-09 1.513319e-13 -1.545014e-16 2.950498e-08 1.039682e-11 3.506734e-13 6.064429e-06 -3.266829e-10 1.824568e-11 2.968780e-09 -3.070699e-28 2.209308e-11 -1.090072e-08 3.857703e-06 5.655653e-11 0.000000e+00 3.476363e-10 3.680652e-12 1.549230e-11 -1.065879e-15 
-1.134597e-07 4.050513e-11 -1.766178e-09 -4.116133e+06 1.015062e-13 -2.647320e-13 8.826511e-07 -3.629858e-05 -7.594183e-16 -2.860108e-17 4.857424e-05 -2.368262e-15 -4.987692e-05 6.998194e-11 -1.117336e-07 -4.821100e-06 3.217076e-09 -1.434744e-15 -1.215402e-14 1.138055e-11 -2.520347e-14 3.187885e-13 1.418560e-19 
-9.707378e-12 6.633418e-05 1.513319e-13 1.015062e-13 3.588112e+07 -8.286533e-07 4.115557e-05 -4.551727e-05 -2.267156e-09 1.052617e-05 -5.773193e-14 -1.365535e-20 -6.411616e-13 2.064290e-16 -3.729732e-08 -1.261450e-09 -7.305073e-10 -1.382540e-08 -5.120964e-08 3.137293e-14 2.571081e-09 -2.621061e-09 6.122245e-16 
-2.561127e-09 5.353476e-11 -1.545014e-16 -2.647320e-13 -8.286533e-07 5.757420e+07 2.255686e-18 -2.946594e-15 9.762224e-05 4.030082e-17 1.754739e-14 -1.179221e-13 -3.773017e-07 0.000000e+00 -3.135241e-13 1.221819e-05 -1.084000e-10 -5.456305e-07 -1.775021e-08 -2.422207e-15 -2.023206e-11 1.150894e-10 -1.499641e-12 
-6.187778e-17 8.961494e-14 2.950498e-08 8.826511e-07 4.115557e-05 2.255686e-18 8.361518e+07 6.644944e-07 9.682058e-13 1.614558e-12 4.185422e-14 -3.377853e-06 5.350942e-15 -5.681047e-06 1.861772e-05 -1.377705e-16 -1.046504e-09 8.773205e-11 8.303308e-06 1.876994e-05 1.493479e-14 8.835739e-15 -3.385747e-14 
1.602000e-17 0.000000e+00 1.039682e-11 -3.629858e-05 -4.551727e-05 -2.946594e-15 6.644944e-07 1.140066e+08 -4.895752e-07 9.113243e-05 2.964585e-08 -2.230452e-08 2.143102e-07 1.516238e-17 3.729881e-08 -2.376506e-25 7.809470e-19 5.559021e-05 -1.829117e-08 -1.855753e-08 4.638884e-08 4.408617e-14 4.858910e-12 
3.743939e-13 2.513101e-08 3.506734e-13 -7.594183e-16 -2.267156e-09 9.762224e-05 9.682058e-13 -4.895752e-07 1.485895e+08 3.825003e-09 2.994270e-19 -4.362688e-05 -3.517184e-05 2.667535e-17 -1.142242e-16 7.375100e-07 -5.202205e-16 3.723755e-05 -1.823585e-06 4.799496e-10 0.000000e+00 -1.285432e-07 5.805518e-15 
-9.853296e-06 -3.157120e-15 6.064429e-06 -2.860108e-17 1.052617e-05 4.030082e-17 1.614558e-12 9.113243e-05 3.825003e-09 1.872958e+08 -9.801027e-05 -6.427997e-12 3.211735e-15 8.220030e-05 5.782364e-13 4.123685e-17 2.076513e-16 6.348934e-24 2.261313e-06 6.753599e-05 -1.824049e-09 -2.685198e-06 -3.668275e-13 
-3.665204e-09 -1.345857e-08 -3.266829e-10 4.857424e-05 -5.773193e-14 1.754739e-14 4.185422e-14 2.964585e-08 2.994270e-19 -9.801027e-05 2.301323e+08 -1.831555e-16 3.556249e-11 -1.930138e-13 2.275618e-15 5.841326e-16 -1.549631e-23 -1.814168e-14 -2.155164e-06 -5.214675e-07 -1.096324e-06 2.200668e-12 4.419402e-08 
-9.084245e-07 2.343609e-10 1.824568e-11 -2.368262e-15 -1.365535e-20 -1.179221e-13 -3.377853e-06 -2.230452e-08 -4.362688e-05 -6.427997e-12 -1.831555e-16 2.770942e+08 8.803815e-16 -2.188384e-12 1.952734e-05 -8.024361e-12 4.811138e-14 0.000000e+00 3.433977e-10 9.048585e-08 2.467200e-07 2.098005e-09 -1.260427e-08 
9.646719e-07 2.335985e-11 2.968780e-09 -4.987692e-05 -6.411616e-13 -3.773017e-07 5.350942e-15 2.143102e-07 -3.517184e-05 3.211735e-15 3.556249e-11 8.803815e-16 3.281668e+08 5.339012e-06 -2.027830e-16 1.161872e-19 0.000000e+00 -4.604071e-12 7.858051e-07 -6.537955e-07 7.170450e-05 6.912500e-07 2.067667e-10 
2.277480e-08 1.516696e-06 -3.070699e-28 6.998194e-11 2.064290e-16 0.000000e+00 -5.681047e-06 1.516238e-17 2.667535e-17 8.220030e-05 -1.930138e-13 -2.188384e-12 5.339012e-06 3.833443e+08 1.667068e-07 -5.660610e-09 -7.367851e-06 6.217482e-16 -1.171829e-15 -5.550695e-05 1.150093e-13 1.042625e-05 -5.947850e-25 
1.179404e-20 8.251521e-10 2.209308e-11 -1.117336e-07 -3.729732e-08 -3.135241e-13 1.861772e-05 3.729881e-08 -1.142242e-16 5.782364e-13 2.275618e-15 1.952734e-05 -2.027830e-16 1.667068e-07 4.426248e+08 6.170339e-06 -4.273508e-12 3.314238e-06 8.803970e-10 5.669004e-13 -3.119682e-29 2.669318e-08 -5.188202e-08 
-1.103317e-09 -2.180114e-13 -1.090072e-08 -4.821100e-06 -1.261450e-09 1.221819e-05 -1.377705e-16 -2.376506e-25 7.375100e-07 4.123685e-17 5.841326e-16 -8.024361e-12 1.161872e-19 -5.660610e-09 6.170339e-06 5.060055e+08 4.409231e-08 6.220212e-12 -8.185826e-06 6.980837e-14 9.401766e-13 7.519742e-06 4.913869e-14 
-7.922865e-11 4.997863e-11 3.857703e-06 3.217076e-09 -7.305073e-10 -1.084000e-10 -1.046504e-09 7.809470e-19 -5.202205e-16 2.076513e-16 -1.549631e-23 4.811138e-14 0.000000e+00 -7.367851e-06 -4.273508e-12 4.409231e-08 5.734840e+08 -1.291112e-06 6.572894e-15 9.115008e-20 -3.356931e-16 -7.261104e-16 6.058349e-08 
8.254959e-13 7.407516e-09 5.655653e-11 -1.434744e-15 -1.382540e-08 -5.456305e-07 8.773205e-11 5.559021e-05 3.723755e-05 6.348934e-24 -1.814168e-14 0.000000e+00 -4.604071e-12 6.217482e-16 3.314238e-06 6.220212e-12 -1.291112e-06 6.450630e+08 -9.019844e-05 3.948687e-09 1.180860e-17 -8.697797e-16 4.903742e-14 
-5.276156e-14 8.356843e-14 0.000000e+00 -1.215402e-14 -5.120964e-08 -1.775021e-08 8.303308e-06 -1.829117e-08 -1.823585e-06 2.261313e-06 -2.155164e-06 3.433977e-10 7.858051e-07 -1.171829e-15 8.803970e-10 -8.185826e-06 6.572894e-15 -9.019844e-05 7.207423e+08 2.290154e-23 -1.645537e-10 -3.248649e-24 6.924061e-16 
2.055233e-14 2.017316e-20 3.476363e-10 1.138055e-11 3.137293e-14 -2.422207e-15 1.876994e-05 -1.855753e-08 4.799496e-10 6.753599e-05 -5.214675e-07 9.048585e-08 -6.537955e-07 -5.550695e-05 5.669004e-13 6.980837e-14 9.115008e-20 3.948687e-09 2.290154e-23 8.005078e+08 5.005630e-05 1.566146e-10 2.046882e-17 
-8.827109e-16 7.092179e-17 3.680652e-12 -2.520347e-14 2.571081e-09 -2.023206e-11 1.493479e-14 4.638884e-08 0.000000e+00 -1.824049e-09 -1.096324e-06 2.467200e-07 7.170450e-05 1.150093e-13 -3.119682e-29 9.401766e-13 -3.356931e-16 1.180860e-17 -1.645537e-10 5.005630e-05 8.844283e+08 -6.444927e-05 -6.157472e-10 
3.227350e-26 4.373727e-12 1.549230e-11 3.187885e-13 -2.621061e-09 1.150894e-10 8.835739e-15 4.408617e-14 -1.285432e-07 -2.685198e-06 2.200668e-12 2.098005e-09 6.912500e-07 1.042625e-05 2.669318e-08 7.519742e-06 -7.261104e-16 -8.697797e-16 -3.248649e-24 1.566146e-10 -6.444927e-05 9.729064e+08 -5.107242e-08 
3.154873e-15 1.146925e-06 -1.065879e-15 1.418560e-19 6.122245e-16 -1.499641e-12 -3.385747e-14 4.858910e-12 5.805518e-15 -3.668275e-13 4.419402e-08 -1.260427e-08 2.067667e-10 -5.947850e-25 -5.188202e-08 4.913869e-14 6.058349e-08 4.903742e-14 6.924061e-16 2.046882e-17 -6.157472e-10 -5.107242e-08 1.066823e+09 
