-7.751628e+06 -1.348417e+07 -1.011122e+07 -3.709041e+06 1.071165e+06 2.430821e+06 1.447403e+06 5.440496e+04 -6.107526e+05 -5.084262e+05 -1.257699e+05 1.310462e+05 1.608394e+05 6.786152e+04 -1.931150e+04 -4.614503e+04 -2.781656e+04 -1.110566e+03 1.172563e+04 9.770880e+03 2.396805e+03 -2.554744e+03 -3.127029e+03 
-1.348417e+07 -1.172552e+07 -1.719321e+07 -9.040058e+06 -1.278220e+06 2.518567e+06 2.485226e+06 8.366503e+05 -4.540213e+05 -7.365225e+05 -3.773800e+05 3.506942e+04 1.989078e+05 1.415279e+05 2.171650e+04 -4.712806e+04 -4.725559e+04 -1.609093e+04 8.660314e+03 1.412244e+04 7.216136e+03 -7.302239e+02 -3.885298e+03 
-1.011122e+07 -1.719321e+07 -4.254683e+05 -1.476239e+07 -7.592655e+06 -1.223815e+06 1.907815e+06 1.976800e+06 7.108803e+05 -3.229750e+05 -5.756831e+05 -3.095185e+05 1.575792e+04 1.527627e+05 1.137113e+05 2.060593e+04 -3.540242e+04 -3.748471e+04 -1.369412e+04 6.105570e+03 1.099541e+04 5.885583e+03 -3.765028e+02 
-3.709041e+06 -9.040058e+06 -1.476239e+07 1.534237e+07 -1.470799e+07 -8.203408e+06 -1.732241e+06 1.782045e+06 2.107846e+06 8.717197e+05 -2.551135e+05 -5.949946e+05 -3.556635e+05 -1.205864e+04 1.516522e+05 1.254369e+05 3.037681e+04 -3.300562e+04 -4.003946e+04 -1.682115e+04 4.775016e+03 1.134913e+04 6.759002e+03 
1.071165e+06 -1.278220e+06 -7.592655e+06 -1.470799e+07 3.314362e+07 -1.521641e+07 -8.329178e+06 -1.601195e+06 1.942884e+06 2.175707e+06 8.524082e+05 -3.012586e+05 -6.228112e+05 -3.567741e+05 -3.330049e+02 1.614230e+05 1.278337e+05 2.782207e+04 -3.613265e+04 -4.137001e+04 -1.646743e+04 5.648436e+03 1.187055e+04 
2.430821e+06 2.518567e+06 -1.223815e+06 -8.203408e+06 -1.521641e+07 5.552140e+07 -1.508537e+07 -8.168338e+06 -1.533334e+06 1.923573e+06 2.129562e+06 8.245916e+05 -3.023691e+05 -6.110856e+05 -3.470032e+05 2.063800e+03 1.588683e+05 1.247067e+05 2.649151e+04 -3.577893e+04 -4.049659e+04 -1.594601e+04 5.655996e+03 
1.447403e+06 2.485226e+06 1.907815e+06 -1.732241e+06 -8.329178e+06 -1.508537e+07 8.227734e+07 -1.501751e+07 -8.187650e+06 -1.579479e+06 1.895756e+06 2.128452e+06 8.363173e+05 -2.925982e+05 -6.086888e+05 -3.495579e+05 -1.063229e+03 1.575377e+05 1.250604e+05 2.736493e+04 -3.525750e+04 -4.048903e+04 -1.618485e+04 
5.440496e+04 8.366503e+05 1.976800e+06 1.782045e+06 -1.601195e+06 -8.168338e+06 -1.501751e+07 1.129447e+08 -1.506365e+07 -8.215466e+06 -1.580589e+06 1.907482e+06 2.138223e+06 8.387141e+05 -2.951530e+05 -6.118158e+05 -3.508885e+05 -7.095076e+02 1.584112e+05 1.255819e+05 2.737249e+04 -3.549634e+04 -4.068902e+04 
-6.107526e+05 -4.540213e+05 7.108803e+05 2.107846e+06 1.942884e+06 -1.533334e+06 -8.187650e+06 -1.506365e+07 1.476951e+08 -1.506476e+07 -8.203741e+06 -1.570818e+06 1.909879e+06 2.135668e+06 8.355870e+05 -2.964835e+05 -6.114621e+05 -3.500151e+05 -1.880848e+02 1.584187e+05 1.253430e+05 2.717251e+04 -3.555303e+04 
-5.084262e+05 -7.365225e+05 -3.229750e+05 8.717197e+05 2.175707e+06 1.923573e+06 -1.579479e+06 -8.215466e+06 -1.506476e+07 1.865766e+08 -1.505499e+07 -8.201344e+06 -1.573373e+06 1.906752e+06 2.134337e+06 8.359408e+05 -2.956101e+05 -6.109406e+05 -3.500075e+05 -4.269263e+02 1.582187e+05 1.252863e+05 2.721226e+04 
-1.257699e+05 -3.773800e+05 -5.756831e+05 -2.551135e+05 8.524082e+05 2.129562e+06 1.895756e+06 -1.580589e+06 -8.203741e+06 -1.505499e+07 2.295403e+08 -1.505755e+07 -8.204471e+06 -1.574704e+06 1.907105e+06 2.135211e+06 8.364622e+05 -2.956026e+05 -6.111795e+05 -3.502075e+05 -4.836097e+02 1.582585e+05 1.253379e+05 
1.310462e+05 3.506942e+04 -3.095185e+05 -5.949946e+05 -3.012586e+05 8.245916e+05 2.128452e+06 1.907482e+06 -1.570818e+06 -8.201344e+06 -1.505755e+07 2.765900e+08 -1.505888e+07 -8.204117e+06 -1.573830e+06 1.907627e+06 2.135218e+06 8.362233e+05 -2.958025e+05 -6.112362e+05 -3.501677e+05 -4.320082e+02 1.582762e+05 
1.608394e+05 1.989078e+05 1.575792e+04 -3.556635e+05 -6.228112e+05 -3.023691e+05 8.363173e+05 2.138223e+06 1.909879e+06 -1.573373e+06 -8.204471e+06 -1.505888e+07 3.277348e+08 -1.505800e+07 -8.203596e+06 -1.573823e+06 1.907388e+06 2.135018e+06 8.361667e+05 -2.957628e+05 -6.111846e+05 -3.501501e+05 -4.462175e+02 
6.786152e+04 1.415279e+05 1.527627e+05 -1.205864e+04 -3.567741e+05 -6.110856e+05 -2.925982e+05 8.387141e+05 2.135668e+06 1.906752e+06 -1.574704e+06 -8.204117e+06 -1.505800e+07 3.829713e+08 -1.505800e+07 -8.203835e+06 -1.574023e+06 1.907331e+06 2.135058e+06 8.362183e+05 -2.957451e+05 -6.111988e+05 -3.501738e+05 
-1.931150e+04 2.171650e+04 1.137113e+05 1.516522e+05 -3.330049e+02 -3.470032e+05 -6.086888e+05 -2.951530e+05 8.355870e+05 2.134337e+06 1.907105e+06 -1.573830e+06 -8.203596e+06 -1.505800e+07 4.422986e+08 -1.505820e+07 -8.203891e+06 -1.573983e+06 1.907383e+06 2.135076e+06 8.362041e+05 -2.957688e+05 -6.112151e+05 
-4.614503e+04 -4.712806e+04 2.060593e+04 1.254369e+05 1.614230e+05 2.063800e+03 -3.495579e+05 -6.118158e+05 -2.964835e+05 8.359408e+05 2.135211e+06 1.907627e+06 -1.573823e+06 -8.203835e+06 -1.505820e+07 5.057177e+08 -1.505816e+07 -8.203840e+06 -1.573965e+06 1.907369e+06 2.135052e+06 8.361877e+05 -2.957748e+05 
-2.781656e+04 -4.725559e+04 -3.540242e+04 3.037681e+04 1.278337e+05 1.588683e+05 -1.063229e+03 -3.508885e+05 -6.114621e+05 -2.956101e+05 8.364622e+05 2.135218e+06 1.907388e+06 -1.574023e+06 -8.203891e+06 -1.505816e+07 5.732284e+08 -1.505814e+07 -8.203854e+06 -1.573989e+06 1.907352e+06 2.135046e+06 8.361869e+05 
-1.110566e+03 -1.609093e+04 -3.748471e+04 -3.300562e+04 2.782207e+04 1.247067e+05 1.575377e+05 -7.095076e+02 -3.500151e+05 -6.109406e+05 -2.956026e+05 8.362233e+05 2.135018e+06 1.907331e+06 -1.573983e+06 -8.203840e+06 -1.505814e+07 6.448305e+08 -1.505816e+07 -8.203870e+06 -1.573995e+06 1.907351e+06 2.135045e+06 
1.172563e+04 8.660314e+03 -1.369412e+04 -4.003946e+04 -3.613265e+04 2.649151e+04 1.250604e+05 1.584112e+05 -1.880848e+02 -3.500075e+05 -6.111795e+05 -2.958025e+05 8.361667e+05 2.135058e+06 1.907383e+06 -1.573965e+06 -8.203854e+06 -1.505816e+07 7.205243e+08 -1.505817e+07 -8.203871e+06 -1.573996e+06 1.907348e+06 
9.770880e+03 1.412244e+04 6.105570e+03 -1.682115e+04 -4.137001e+04 -3.577893e+04 2.736493e+04 1.255819e+05 1.584187e+05 -4.269263e+02 -3.502075e+05 -6.112362e+05 -2.957628e+05 8.362183e+05 2.135076e+06 1.907369e+06 -1.573989e+06 -8.203870e+06 -1.505817e+07 8.003096e+08 -1.505817e+07 -8.203875e+06 -1.574001e+06 
2.396805e+03 7.216136e+03 1.099541e+04 4.775016e+03 -1.646743e+04 -4.049659e+04 -3.525750e+04 2.737249e+04 1.253430e+05 1.582187e+05 -4.836097e+02 -3.501677e+05 -6.111846e+05 -2.957451e+05 8.362041e+05 2.135052e+06 1.907352e+06 -1.573995e+06 -8.203871e+06 -1.505817e+07 8.841865e+08 -1.505817e+07 -8.203880e+06 
-2.554744e+03 -7.302239e+02 5.885583e+03 1.134913e+04 5.648436e+03 -1.594601e+04 -4.048903e+04 -3.549634e+04 2.717251e+04 1.252863e+05 1.582585e+05 -4.320082e+02 -3.501501e+05 -6.111988e+05 -2.957688e+05 8.361877e+05 2.135046e+06 1.907351e+06 -1.573996e+06 -8.203875e+06 -1.505817e+07 9.721549e+08 -1.505818e+07 
-3.127029e+03 -3.885298e+03 -3.765028e+02 6.759002e+03 1.187055e+04 5.655996e+03 -1.618485e+04 -4.068902e+04 -3.555303e+04 2.721226e+04 1.253379e+05 1.582762e+05 -4.462175e+02 -3.501738e+05 -6.112151e+05 -2.957748e+05 8.361869e+05 2.135045e+06 1.907348e+06 -1.574001e+06 -8.203880e+06 -1.505818e+07 1.064215e+09 
