31923046.980376 109316621.146994 1192594.649010 -2605272.171159 310923.546886 298935.880368 -115662.601794 -24190.213626 26779.915224 -2220.446377 -4524.285674 1605.833123 462.176124 -438.887256 25.839715 80.800468 -26.868251 -8.835576 7.929544 -0.287747 -1.446218 
109316621.146994 -1123231565.995871 -171935484.361270 11878384.238569 12717377.532942 -4123972.989045 -1115898.710654 970160.601662 -35874.077897 -171627.927071 50758.450147 19942.185049 -15173.907475 89.098662 2982.745414 -823.285807 -377.637396 266.242717 2.298448 -55.522230 13.884380 
1192594.649010 -171935484.361270 100969128.263556 -31220784.037349 3793545.820390 2867969.599833 -1209392.576214 -206545.164501 268260.600316 -28955.262800 -43632.180003 16922.630712 4066.089959 -4420.913939 370.887826 779.588309 -286.921880 -80.273356 78.740724 -6.004396 -14.857188 
-2605272.171159 11878384.238569 -31220784.037349 231975462.238580 -19023065.001745 2938357.504060 1873687.398569 -921536.254455 -111202.132210 199130.415811 -29898.980981 -30722.067229 13903.703276 2353.932379 -3396.442080 438.423372 558.469579 -242.277554 -48.491039 60.898660 -7.829792 
310923.546886 12717377.532942 3793545.820390 -19023065.001745 350248770.376796 -14898014.801571 2585914.544678 1503076.907484 -812237.690857 -74459.665201 173233.188778 -30711.946192 -25809.437056 12879.223910 1663.069844 -3027.629761 477.673303 474.147337 -229.051908 -35.897051 54.338820 
298935.880368 -4123972.989045 2867969.599833 2938357.504060 -14898014.801571 478019603.836140 -12845395.326175 2412026.075387 1314466.456209 -758686.299894 -54452.478376 160369.592229 -31608.125307 -23268.483634 12462.131666 1270.441598 -2854.734023 509.406493 430.148758 -225.407760 -29.017715 
-115662.601794 -1115898.710654 -1209392.576214 1873687.398569 2585914.544678 -12845395.326175 620225799.504507 -11625522.449034 2290795.199987 1198235.907817 -723054.128589 -42329.541949 152055.252811 -32097.507132 -21651.700906 12188.341521 1018.717502 -2745.478150 529.539273 401.466519 -223.705717 
-24190.213626 970160.601662 -206545.164501 -921536.254455 1503076.907484 2412026.075387 -11625522.449034 777612756.595513 -10850350.086404 2210538.487837 1121971.135058 -699652.394724 -34138.733550 146588.224240 -32515.299689 -20570.854517 12028.422943 840.785958 -2677.129234 545.420549 381.699275 
26779.915224 -35874.077897 268260.600316 -111202.132210 -812237.690857 1314466.456209 2290795.199987 -10850350.086404 950732480.778494 -10321683.035599 2154087.851126 1068625.569959 -683263.470307 -28267.770544 142750.853236 -32867.253791 -19801.697238 11928.159194 707.660905 -2631.605311 558.057886 
-2220.446377 -171627.927071 -28955.262800 199130.415811 -74459.665201 -758686.299894 1198235.907817 2210538.487837 -10321683.035599 1139844263.218386 -9942411.384947 2112602.058297 1029558.310441 -671244.136051 -23879.456711 139928.169463 -33163.584913 -19229.579724 11861.743504 604.035193 -2599.925470 
-4524.285674 50758.450147 -43632.180003 -29898.980981 173233.188778 -54452.478376 -723054.128589 1121971.135058 2154087.851126 -9942411.384947 1345084908.396803 -9659757.859597 2081083.973337 999939.397588 -662118.556376 -20494.545751 137777.529707 -33414.235526 -18789.779019 11815.734138 520.961644 
1605.833123 19942.185049 16922.630712 -30722.067229 -30711.946192 160369.592229 -42329.541949 -699652.394724 1068625.569959 2112602.058297 -9659757.859597 1566532930.126518 -9442744.263551 2056501.693714 976865.497305 -654999.421743 -17818.648802 136093.275613 -33627.589522 -18442.953695 11782.596653 
462.176124 -15173.907475 4066.089959 13903.703276 -25809.437056 -31608.125307 152055.252811 -34138.733550 -683263.470307 1029558.310441 2081083.973337 -9442744.263551 1804236347.164616 -9272086.078200 2036915.805875 958491.576685 -649322.724768 -15660.868514 134744.791729 -33810.447999 -18163.724343 
-438.887256 89.098662 -4420.913939 2353.932379 12879.223910 -23268.483634 -32097.507132 146588.224240 -28267.770544 -671244.136051 999939.397588 2056501.693714 -9272086.078200 2058226034.218665 -9135205.630720 2021031.949069 943592.511975 -644713.736842 -13892.098602 133645.321678 -33968.267414 
25.839715 2982.745414 370.887826 -3396.442080 1663.069844 12462.131666 -21651.700906 -32515.299689 142750.853236 -23879.456711 -662118.556376 976865.497305 2036915.805875 -9135205.630720 2328522659.938402 -9023582.785324 2007955.976521 931325.203707 -640914.381136 -12421.996913 132734.728257 
80.800468 -823.285807 779.588309 438.423372 -3027.629761 1270.441598 12188.341521 -20570.854517 -32867.253791 139928.169463 -20494.545751 -654999.421743 958491.576685 2021031.949069 -9023582.785324 2615140528.736882 -8931261.781340 1997052.233814 921091.999631 -637741.550076 -11184.951223 
-26.868251 -377.637396 -286.921880 558.469579 477.673303 -2854.734023 1018.717502 12028.422943 -19801.697238 -33163.584913 137777.529707 -17818.648802 -649322.724768 943592.511975 2007955.976521 -8931261.781340 2918089820.847871 -8853967.586360 1987857.719266 912458.504636 -635060.987305 
-8.835576 266.242717 -80.273356 -242.277554 474.147337 509.406493 -2745.478150 840.785958 11928.159194 -19229.579724 -33414.235526 136093.275613 -15660.868514 -644713.736842 931325.203707 1997052.233814 -8853967.586360 3237377955.887202 -8788561.209478 1980028.082144 905097.821837 
7.929544 2.298448 78.740724 -48.491039 -229.051908 430.148758 529.539273 -2677.129234 707.660905 11861.743504 -18789.779019 -33627.589522 134744.791729 -13892.098602 -640914.381136 921091.999631 1987857.719266 -8788561.209478 3573010453.670180 -8732692.106639 1973303.097065 
-0.287747 -55.522230 -6.004396 60.898660 -35.897051 -225.407760 401.466519 545.420549 -2631.605311 604.035193 11815.734138 -18442.953695 -33810.447999 133645.321678 -12421.996913 -637741.550076 912458.504636 1980028.082144 -8732692.106639 3924991494.890800 -8684541.019584 
-1.446218 13.884380 -14.857188 -7.829792 54.338820 -29.017715 -223.705717 381.699275 558.057886 -2599.925470 520.961644 11782.596653 -18163.724343 -33968.267414 132734.728257 -11184.951223 -635060.987305 905097.821837 1973303.097065 -8684541.019584 4293324727.984612 
