0.980101 -0.090864 -0.176144 0.010259 0.003563 -0.000545 -0.000253 0.000074 0.000019 -0.000011 -0.000001 0.000002 -0.000000 -0.000000 0.000000 0.000000 -0.000000 0.000000 0.000000 -0.000000 -0.000000 
0.065403 0.986638 -0.142385 0.044368 0.003093 -0.004086 0.000023 0.000547 -0.000096 -0.000065 0.000028 0.000004 -0.000006 0.000001 0.000001 -0.000000 -0.000000 0.000000 -0.000000 -0.000000 0.000000 
0.183352 0.134819 0.935784 -0.267020 0.034163 0.006215 -0.002948 -0.000133 0.000335 -0.000047 -0.000033 0.000013 0.000002 -0.000002 0.000000 0.000000 -0.000000 -0.000000 0.000000 -0.000000 -0.000000 
0.038600 -0.005703 0.269622 0.948329 -0.161305 0.020467 0.003457 -0.001959 -0.000002 0.000216 -0.000042 -0.000020 0.000010 0.000001 -0.000002 0.000000 0.000000 -0.000000 -0.000000 0.000000 -0.000000 
-0.003613 -0.008696 0.014139 0.165083 0.979156 -0.116151 0.014592 0.002644 -0.001525 0.000011 0.000171 -0.000036 -0.000015 0.000008 0.000000 -0.000001 0.000000 0.000000 -0.000000 -0.000000 0.000000 
-0.001617 0.002206 -0.010538 0.002224 0.118393 0.988770 -0.089774 0.011282 0.002165 -0.001262 0.000015 0.000144 -0.000032 -0.000013 0.000007 0.000000 -0.000001 0.000000 0.000000 -0.000000 -0.000000 
0.000560 0.000737 0.000570 -0.006379 -0.002678 0.091322 0.993041 -0.073429 0.009207 0.001850 -0.001083 0.000016 0.000125 -0.000029 -0.000011 0.000007 0.000000 -0.000001 0.000000 0.000000 -0.000000 
0.000066 -0.000476 0.000885 0.000841 -0.004515 -0.003895 0.074506 0.995220 -0.062329 0.007801 0.001624 -0.000952 0.000015 0.000112 -0.000026 -0.000010 0.000006 0.000000 -0.000001 0.000000 0.000000 
-0.000077 -0.000007 -0.000226 0.000465 0.000957 -0.003465 -0.004138 0.063125 0.996488 -0.054301 0.006785 0.001452 -0.000853 0.000015 0.000101 -0.000024 -0.000009 0.000006 0.000000 -0.000001 0.000000 
0.000007 0.000076 -0.000062 -0.000183 0.000276 0.000911 -0.002806 -0.004078 0.054916 0.997294 -0.048215 0.006015 0.001317 -0.000774 0.000014 0.000093 -0.000022 -0.000008 0.000005 -0.000000 -0.000001 
0.000009 -0.000017 0.000042 -0.000020 -0.000164 0.000185 0.000841 -0.002360 -0.003919 0.048705 0.997842 -0.043431 0.005410 0.001207 -0.000709 0.000013 0.000086 -0.000021 -0.000007 0.000005 -0.000000 
-0.000003 -0.000009 -0.000001 0.000028 -0.000001 -0.000144 0.000134 0.000775 -0.002039 -0.003730 0.043833 0.998233 -0.039564 0.004920 0.001116 -0.000655 0.000012 0.000080 -0.000020 -0.000007 0.000005 
-0.000001 0.000005 -0.000006 -0.000003 0.000022 0.000007 -0.000128 0.000101 0.000716 -0.001798 -0.003538 0.039901 0.998523 -0.036368 0.004515 0.001038 -0.000609 0.000011 0.000075 -0.000018 -0.000007 
0.000001 0.000000 0.000001 -0.000003 -0.000005 0.000018 0.000010 -0.000115 0.000080 0.000664 -0.001609 -0.003356 0.036654 0.998744 -0.033677 0.004174 0.000972 -0.000570 0.000010 0.000070 -0.000017 
-0.000000 -0.000001 0.000001 0.000001 -0.000002 -0.000005 0.000015 0.000012 -0.000105 0.000064 0.000619 -0.001458 -0.003185 0.033924 0.998917 -0.031378 0.003882 0.000914 -0.000535 0.000009 0.000067 
-0.000000 0.000000 -0.000000 0.000000 0.000001 -0.000002 -0.000005 0.000013 0.000012 -0.000096 0.000053 0.000580 -0.001333 -0.003028 0.031593 0.999056 -0.029388 0.003630 0.000863 -0.000505 0.000007 
0.000000 0.000000 -0.000000 -0.000000 0.000000 0.000001 -0.000001 -0.000005 0.000012 0.000013 -0.000089 0.000045 0.000545 -0.001229 -0.002883 0.029578 0.999169 -0.027648 0.003410 0.000818 -0.000478 
0.000000 -0.000000 0.000000 0.000000 -0.000000 -0.000000 0.000001 -0.000001 -0.000005 0.000011 0.000013 -0.000083 0.000038 0.000515 -0.001140 -0.002751 0.027816 0.999262 -0.026113 0.003213 0.000791 
-0.000000 -0.000000 -0.000000 0.000000 0.000000 -0.000000 -0.000000 0.000001 -0.000001 -0.000004 0.000010 0.000012 -0.000077 0.000033 0.000487 -0.001064 -0.002629 0.026263 0.999340 -0.024738 0.003013 
0.000000 0.000000 -0.000000 -0.000000 0.000000 0.000000 -0.000000 -0.000000 0.000001 -0.000001 -0.000004 0.000009 0.000012 -0.000073 0.000029 0.000462 -0.000998 -0.002516 0.024875 0.999408 -0.023626 
0.000000 -0.000000 0.000000 -0.000000 -0.000000 0.000000 0.000000 -0.000000 -0.000000 0.000001 -0.000001 -0.000004 0.000008 0.000012 -0.000069 0.000026 0.000440 -0.000943 -0.002402 0.023691 0.999716 
