5.846618e-01 4.557383e-01 -1.409535e-01 -6.545810e-01 4.444681e-02 4.243615e-03 -8.191481e-03 -7.476580e-03 -3.322818e-03 -2.356202e-04 8.731470e-04 7.312576e-04 2.557267e-04 -5.828910e-05 -1.324452e-04 -7.839952e-05 -1.116292e-05 2.007864e-05 1.909656e-05 6.832331e-06 -2.029299e-06 -4.085090e-06 -2.346148e-06 
-7.068209e-01 6.340192e-01 -2.699942e-01 -1.249770e-01 9.511496e-02 2.737195e-02 -1.553622e-03 -8.370712e-03 -5.850658e-03 -1.858566e-03 4.514039e-04 9.396270e-04 5.495466e-04 8.906452e-05 -1.246150e-04 -1.244353e-04 -4.824964e-05 9.075291e-06 2.444092e-05 1.487782e-05 1.995886e-06 -4.029216e-06 -3.692129e-06 
1.423727e-01 5.279639e-01 7.543886e-01 3.397798e-01 1.087795e-01 6.288094e-02 2.445357e-02 2.914688e-03 -4.360122e-03 -4.010567e-03 -1.595369e-03 1.069995e-04 6.019056e-04 4.066773e-04 9.258451e-05 -7.432218e-05 -8.818356e-05 -3.871623e-05 3.370609e-06 1.676799e-05 1.125126e-05 2.259049e-06 -2.206547e-06 
2.502392e-01 3.090384e-01 -3.850597e-01 4.747441e-01 -6.800643e-01 4.810045e-02 5.204283e-02 2.561048e-02 5.607402e-03 -2.894201e-03 -3.699849e-03 -1.776382e-03 -1.035255e-04 5.114711e-04 4.090577e-04 1.229196e-04 -5.398138e-05 -8.409178e-05 -4.280117e-05 -9.480542e-07 1.513118e-05 1.169694e-05 3.439488e-06 
2.214981e-01 1.234540e-01 -3.352249e-01 3.893166e-01 5.601731e-01 -5.960541e-01 1.793672e-02 4.198024e-02 2.330234e-02 5.792411e-03 -2.304999e-03 -3.334364e-03 -1.665333e-03 -1.201365e-04 4.688763e-04 3.827003e-04 1.161132e-04 -5.096474e-05 -7.967718e-05 -4.044855e-05 -7.349977e-07 1.421445e-05 1.067251e-05 
1.450598e-01 2.121652e-02 -2.376031e-01 2.312261e-01 3.658606e-01 6.719622e-01 -5.307168e-01 -4.521035e-03 3.231913e-02 2.063312e-02 5.922275e-03 -1.590883e-03 -2.868219e-03 -1.532203e-03 -1.605690e-04 3.993385e-04 3.449403e-04 1.110302e-04 -4.219828e-05 -7.156729e-05 -3.768547e-05 -2.202867e-06 1.106485e-05 
7.103835e-02 -1.309691e-02 -1.335806e-01 9.718664e-02 2.281877e-01 3.650779e-01 7.447078e-01 -4.755588e-01 -1.853245e-02 2.557470e-02 1.874558e-02 6.072483e-03 -1.045539e-03 -2.536457e-03 -1.454697e-03 -2.034181e-04 3.456085e-04 3.202624e-04 1.107372e-04 -3.433387e-05 -6.589691e-05 -3.682145e-05 -4.870367e-06 
2.230874e-02 -1.334719e-02 -5.480216e-02 2.037066e-02 1.150463e-01 2.072011e-01 3.469504e-01 7.971062e-01 -4.272376e-01 -2.624442e-02 2.071034e-02 1.707631e-02 6.004716e-03 -6.921464e-04 -2.278675e-03 -1.375951e-03 -2.242833e-04 3.067760e-04 2.992078e-04 1.082245e-04 -2.886974e-05 -6.046316e-05 -3.452415e-05 
7.647112e-05 -5.050835e-03 -1.116964e-02 -7.812580e-03 4.020147e-02 9.523438e-02 1.823170e-01 3.251414e-01 8.360658e-01 -3.868079e-01 -3.091394e-02 1.680996e-02 1.553804e-02 5.848769e-03 -4.169508e-04 -2.049193e-03 -1.296219e-03 -2.376191e-04 2.723251e-04 2.790214e-04 1.058670e-04 -2.131294e-05 -5.060759e-05 
-5.057815e-03 5.450879e-04 4.593858e-03 -9.859681e-03 3.726133e-03 2.819473e-02 7.740676e-02 1.607421e-01 3.046371e-01 8.649657e-01 -3.530981e-01 -3.378367e-02 1.372817e-02 1.421838e-02 5.678826e-03 -1.982528e-04 -1.854432e-03 -1.225813e-03 -2.479884e-04 2.429822e-04 2.621935e-04 1.065192e-04 -9.203359e-06 
-3.239209e-03 1.920436e-03 5.622527e-03 -4.223157e-03 -6.622021e-03 -9.902088e-04 1.933179e-02 6.391295e-02 1.434126e-01 2.855121e-01 8.868865e-01 -3.243428e-01 -3.534212e-02 1.131122e-02 1.308043e-02 5.491646e-03 -3.225080e-05 -1.690064e-03 -1.161582e-03 -2.536980e-04 2.177830e-04 2.454902e-04 1.051495e-04 
-6.716852e-04 1.147893e-03 2.369370e-03 1.132443e-04 -5.155957e-03 -7.147247e-03 -3.559948e-03 1.344175e-02 5.390488e-02 1.289685e-01 2.677113e-01 9.039878e-01 -2.995898e-01 -3.605652e-02 9.368160e-03 1.208045e-02 5.295760e-03 9.745398e-05 -1.546851e-03 -1.102077e-03 -2.598000e-04 1.858115e-04 2.141493e-04 
5.410533e-04 1.688784e-04 -1.006363e-04 1.396322e-03 -1.483188e-03 -4.305404e-03 -6.839200e-03 -4.828412e-03 9.442909e-03 4.609659e-02 1.167063e-01 2.514951e-01 9.175546e-01 -2.781858e-01 -3.624228e-02 7.785911e-03 1.120260e-02 5.103223e-03 2.010538e-04 -1.423168e-03 -1.052116e-03 -2.779518e-04 1.318831e-04 
5.870818e-04 -2.668412e-04 -8.149448e-04 9.280447e-04 5.805423e-04 -7.500027e-04 -3.430729e-03 -6.310090e-03 -5.467057e-03 6.579991e-03 3.987223e-02 1.063300e-01 2.368565e-01 9.284657e-01 -2.595149e-01 -3.607048e-02 6.490823e-03 1.042895e-02 4.914942e-03 2.807242e-04 -1.314721e-03 -1.006175e-03 -2.995927e-04 
2.297054e-04 -2.460394e-04 -5.314106e-04 1.825696e-04 8.742732e-04 8.338096e-04 -2.409170e-04 -2.741976e-03 -5.786693e-03 -5.756610e-03 4.499435e-03 3.488435e-02 9.749924e-02 2.236194e-01 9.373687e-01 -2.430933e-01 -3.566177e-02 5.414684e-03 9.737841e-03 4.732217e-03 3.569861e-04 -1.180907e-03 -9.088857e-04 
-3.768699e-05 -8.129518e-05 -9.812219e-05 -1.881259e-04 4.160217e-04 8.191883e-04 9.197345e-04 7.593522e-05 -2.220311e-03 -5.290625e-03 -5.828962e-03 2.973492e-03 3.083055e-02 8.990052e-02 2.116297e-01 9.447234e-01 -2.285651e-01 -3.511059e-02 4.508567e-03 9.126162e-03 4.583109e-03 4.932098e-04 -9.384176e-04 
-1.061607e-04 2.955499e-05 1.134032e-04 -1.968148e-04 -4.999454e-06 2.927622e-04 7.161642e-04 9.272154e-04 2.795104e-04 -1.809564e-03 -4.833426e-03 -5.778839e-03 1.833072e-03 2.748475e-02 8.331204e-02 2.007629e-01 9.508674e-01 -2.156116e-01 -3.445905e-02 3.760215e-03 8.589295e-03 4.476461e-03 6.985469e-04 
-6.221341e-05 5.075886e-05 1.148761e-04 -7.352488e-05 -1.480469e-04 -7.497694e-05 1.906737e-04 6.188995e-04 9.064850e-04 4.139442e-04 -1.484218e-03 -4.427328e-03 -5.662470e-03 9.697248e-04 2.469611e-02 7.756549e-02 1.908731e-01 9.560685e-01 -2.039361e-01 -3.373204e-02 3.063030e-03 7.946690e-03 4.185842e-03 
-6.393022e-06 2.604719e-05 4.153857e-05 1.831480e-05 -1.036258e-04 -1.557888e-04 -1.131643e-04 1.187262e-04 5.378619e-04 8.711699e-04 5.000810e-04 -1.227125e-03 -4.069798e-03 -5.507017e-03 3.136260e-04 2.234845e-02 7.249896e-02 1.817961e-01 9.605006e-01 -1.934802e-01 -3.316994e-02 1.979209e-03 6.687170e-03 
1.812679e-05 2.999014e-07 -1.187577e-05 4.023633e-05 -2.086831e-05 -8.442399e-05 -1.477694e-04 -1.315821e-04 6.766959e-05 4.687032e-04 8.283935e-04 5.541217e-04 -1.020723e-03 -3.753376e-03 -5.331367e-03 -1.935751e-04 2.033898e-02 6.799393e-02 1.735242e-01 9.642697e-01 -1.841100e-01 -3.309091e-02 1.382744e-04 
1.556894e-05 -9.380710e-06 -2.395776e-05 2.256628e-05 2.294243e-05 -4.054844e-06 -6.506748e-05 -1.359872e-04 -1.405392e-04 3.013236e-05 4.103631e-04 7.850076e-04 5.876625e-04 -8.544091e-04 -3.478427e-03 -5.154997e-03 -5.878664e-04 1.864082e-02 6.408498e-02 1.660140e-01 9.679417e-01 -1.731949e-01 -3.219327e-02 
4.660550e-06 -6.886818e-06 -1.311714e-05 1.566141e-06 2.449319e-05 2.822553e-05 7.065661e-06 -5.011329e-05 -1.246468e-04 -1.434769e-04 3.662183e-06 3.629186e-04 7.428185e-04 6.024949e-04 -7.281374e-04 -3.243894e-03 -4.963091e-03 -8.239855e-04 1.731121e-02 6.057606e-02 1.576206e-01 9.736712e-01 -1.520312e-01 
-2.361830e-06 -1.439104e-06 -7.123192e-07 -7.206181e-06 9.410936e-06 2.211837e-05 2.913615e-05 1.348923e-05 -3.878249e-05 -1.132189e-04 -1.412712e-04 -1.410282e-05 3.220922e-04 6.960561e-04 5.957923e-04 -6.307132e-04 -3.008594e-03 -4.684092e-03 -8.699524e-04 1.606214e-02 5.603997e-02 1.441628e-01 9.878185e-01 
